26960640
97898334
55949642
46661334
66176152
65269263
23172919
50598604
16706396
12600581
73139400
50533664
17092826
47316391
32976307
24488856
89539413
14641927
23367155
65275340
32561347
75221794
60828322
54590342
67625109
33373975
25189807
87296404
85340396
45992758
61255787
86311121
42386425
66239995
61462415
38262724
97655130
48787224
87786718
74740422
45442709
20782287
90931958
34777328
84392242
17602302
50422596
63992769
26433508
44971184
13029546
54004469
38423367
86890703
38655692
47461648
12096952
74832120
97754232
74663930
34250215
91704879
17066564
16358271
31366417
24360532
50611464
97771586
16732369
88929904
55610607
15757057
63038650
42920096
39194189
56493832
72600587
48810726
92898335
88407872
52919012
23998932
72597448
81027269
41423112
53106816
37337492
77591701
16440782
19698082
11590433
43122327
79445973
15444277
95185616
68831051
34985073
23266804
47952371
90671488
13241650
24403947
25187229
39814913
28977545
56337923
21138897
13111645
75583700
76060456
91954734
37096580
48407673
57581767
48078256
72603978
37987391
56048028
50196639
50311947
78434633
23356567
33664745
50210095
64863042
97425969
40823354
21276997
58934491
51414748
45358140
52283112
97245985
65795889
81333898
56216747
84757592
86227080
54235928
90481644
50134716
22289449
75792175
91234329
90511285
15544658
22747213
23545344
19670474
93486295
92732569
59051683
13374692
75180033
46845158
59699769
99864414
24646130
57954588
39689576
20364723
75117363
86374496
42864514
76990943
28142662
73999141
29022155
63018109
50626576
57013570
94362215
39810877
22489343
26536462
44708859
21461841
14857332
75078730
28970069
92111718
30080048
31676334
50055977
66210110
11724395
61678607
12566518
85791084
40109443
76986153
70313096
28656555
71290193
54474383
77307542
12767834
89780632
13157932
67609611
19107480
11739031
36003445
19147874
64110968
61998142
78342698
76388321
30449789
67126484
21167785
37382661
78306743
49582637
96808861
27323516
42366421
46622955
72856188
23795575
48649463
19065119
26007479
74280390
74355424
66718099
39896657
45632229
93014880
18040236
65175165
97403782
15377031
21526590
50458035
72621849
95060615
61913282
36941584
20146334
41262235
37694455
65653194
74800156
60163860
89927331
33397453
53900714
12176129
23665656
80885879
69697322
18010362
74187665
52062445
26803209
43824923
75256216
92643058
28695990
50744209
74392000
57506913
42165422
85073055
80918083
45361748
79364367
50631720
89208945
88565085
98370258
48690019
87581191
91992226
65525718
89676320
72377799
98644332
56108677
61265705
20595376
57795679
95364261
50817859
18214879
53085892
32040765
89662036
46755842
40016770
32948129
26079646
94414836
11009452
80110877
56832553
61203323
23095219
88484282
96486079
14302234
48640572
51695152
64730641
30550290
11360781
55674728
81563383
68181628
55095456
72178987
80621141
85564284
44261722
85936493
29056409
28349219
71250261
94358704
29755232
48996579
44526554
26253719
44664760
54029743
48128904
46131072
76472623
63081083
39123452
50944364
73733405
87168960
41354854
39856677
91510207
17736509
41585037
23192961
57254858
75694248
46288288
73919278
66065247
55600581
27224182
53804875
85357901
59779813
80500624
90098620
47526153
46235459
38644868
38720033
62759843
41292105
73524660
19786863
19203400
72167443
15282089
90615747
62733603
82163782
88082542
95160751
62581550
83018778
42907059
93983295
36303468
14849840
60605348
26555269
13669084
57860462
34095086
70770210
49258835
63580706
70125862
27765853
19132628
26128147
42990103
48608004
99098439
95041710
92673424
97660748
88505686
48400131
14510725
39279947
70700559
76150900
15056420
33594005
52144409
78575736
40613591
77613850
39865858
92654093
46191078
96373404
70461107
22076216
28271162
65694027
54248709
12737338
37827820
35355345
43281244
94319248
43336913
25625511
13635246
92998101
16033150
97110747
74064430
45564088
21345459
73645099
46770084
64441074
31105493
41901499
84473763
17114985
52175748
62471339
26340515
49437904
83776220
81334245
19007802
57371421
14673456
95164012
81739133
47918197
65653959
39821511
94360977
72770122
90723778
30018255
93801184
42095432
30035238
45544389
20001500
81688456
82734419
14053126
19880748
84085982
10297734
21129325
79313537
23006143
24776056
77040837
39175431
37558435
66745577
55746808
71135105
75498276
68498811
71933130
83221748
83525053
83996297
56572490
97248752
99728271
88052415
59030203
40345937
26842117
90201743
74038719
59211990
82738084
88986849
90999126
92610277
45186746
32601655
23055089
66568304
11402711
49074462
81697536
16199612
74670827
99447105
58600473
72081725
68438397
37102744
63175490
34898846
23960070
88100157
25144795
21481308
22896872
63936095
28370347
93325074
22858638
21673423
57030917
23720783
39290913
20154680
20822422
33526947
25542627
21362412
63091001
19611436
84763993
86103273
28240670
94386943
15774234
91338393
64734624
99515849
51217578
89214802
64397905
69122357
62837683
52181425
29223211
23194414
35349252
65439370
89763917
11834994
54602146
88465933
67300196
85569744
41662965
53166227
99156901
13495678
18437667
15571083
99760374
49702041
32490618
58255276
19537977
39997447
91859510
96264559
57150000
90139844
95691417
55120570
38202208
40465005
17016321
61427327
49932086
47146227
36417101
31595239
88086471
69125898
11297547
60132919
85626501
49639261
71492417
31193806
19156125
98976865
62094554
62285387
52616391
98430923
17334061
10657163
64126498
18252496
77221128
60816938
53505547
31457981
36856601
23066864
13559677
82800509
44272979
91007471
11910247
11131972
68892319
59029644
15794355
96780910
65323157
93710387
65165972
97502083
42980950
33583018
80902001
60000220
17252360
43712259
82663405
30675295
32858223
41656748
79542931
76265317
83003173
17054112
72819611
22275645
14799222
61659611
13137610
87558746
31094972
76552909
51829575
83429647
20800555
43918393
37293611
31338963
53718331
82360959
27564200
89145019
72607618
60612227
10857293
49314355
90792691
14463157
12149963
67255571
91618540
79513403
72844244
60939609
85347435
45751998
61869599
62031881
53719265
70055758
27121544
10657182
55948703
86189555
59542869
42460587
26622189
97276753
25544724
65892243
80720186
50013687
59505055
19195617
18048877
18841156
47116994
20688069
34211289
71356918
83071347
11226540
71664208
90898512
34461887
83906683
77231438
45832295
46396358
77328359
84203478
44077962
64207325
17876339
10104283
16055244
20470097
50129031
95376468
82257200
53375819
28140586
11504498
82179311
62108239
40190044
61762414
22222312
80312414
95263763
50115835
41710373
65749692
12206288
85426651
38106501
18902348
78091356
81817870
47501964
22427287
57941412
64288293
69904195
12135659
39383214
99500724
53891149
94427936
46379831
40166373
43769480
56393707
57587881
62984668
32985792
68628106
39464995
86779975
97071728
56531613
43501749
93117322
11815441
75035283
33047055
16413726
52585554
42136558
87082143
71107573
33947732
16115152
76276142
40465112
95803426
51642094
94384362
52428197
16585679
56166564
26170639
91147320
84553771
47531811
15402802
85685733
67530145
98545733
28871850
12595873
60496560
88684033
18817051
11142080
32160516
36816506
81721760
18832728
37431601
24379954
96630292
31988677
96332427
48544731
32577789
90250182
88678308
11934798
50797718
12036421
11731043
22609173
30148856
79539508
46721213
83805090
52172772
72351891
40818707
15903139
53980302
23219752
57236973
52537035
53246402
48742125
25128864
84449355
50884382
16551392
84850922
14874973
98079948
64437094
41221595
35684743
34844183
70374854
41999459
28320134
47548475
98971792
31191542
35482860
47443047
88439048
51853354
15422247
22199784
94591155
40861355
88352164
70931701
88834512
82749416
68418859
89757209
35949558
31097975
26232265
34545757
57939621
40723356
65047098
14228768
76259469
57196910
43940046
21793435
33820480
59724015
32486825
98007621
30756399
10398633
14301818
95412183
56207624
30867252
76735502
26729707
38485847
81702717
10804305
50306934
83713293
89881702
99880454
42943871
25271885
31561670
24351265
44057324
58741638
62252865
33194357
93585537
25682092
44868045
55619129
20907912
93713524
75359914
36205039
86594863
89851226
33574934
23771331
51744693
60854052
87887876
62952347
47902845
52314452
23739717
59439943
70635949
36616782
91731580
67000405
26769732
46714530
81288511
36608997
19867969
69532434
64055668
37482782
14432153
92129689
27779329
87359045
91800654
19459888
63749852
84187284
80915269
47813197
83906394
16560450
68456757
35218170
30529306
51591277
73316567
20684045
29123729
38425891
79967538
85681412
90732839
16959937
91615310
15295764
54718330
18395377
46788136
50265531
81735454
40964932
18367423
46429921
27563880
90081355
45481258
42831610
41470086
56445709
34503387
28822983
88797243
40678465
62496230
63893879
27202480
41790769
57986579
73809846
10772440
42066659
46133709
99580116
62071237
19046259
89010280
52553512
38396155
56065481
22932113
66445155
95655214
42991707
89386712
39052236
91377540
71625612
79859633
66149249
64334991
64509599
87974049
17749091
27502957
14584787
82812537
58952369
98041558
52842382
92977728
64762049
69655381
28785573
41833903
48299612
42477972
99255371
36003413
59989175
41027731
41838427
64667274
37619691
11752227
51688290
54884303
81370272
74336631
62483080
33210265
24302545
83542607
42311690
36374159
84275964
15197879
60575235
60535555
97979852
92351281
23283027
25281843
17181516
45333888
50445723
23208475
22866230
72228499
81966692
29247988
26647914
69042189
14350175
35327693
14931322
35131757
64772679
70333893
23702754
70676703
45952867
98595554
60182613
38652062
74806311
55827346
41087922
62389380
96928250
29553211
46525461
11731375
22537491
49144705
78940682
68190546
78116732
75044628
89812957
46667669
99790393
54827698
17974954
91873410
22344512
58458990
28389931
16258433
76834702
83677239
12770416
68459167
94014400
12517184
11715027
49688622
44516546
51607918
39168694
88501694
22523428
46913663
56359253
42752270
72095415
37939036
58296076
80350212
29421176
98219718
59549949
24262111
92264487
73257591
30360605
30705240
46524466
16392114
34637783
44338741
74791145
25802638
12792942
60770340
98845994
42560701
44473646
72021683
16977937
98554794
22213634
51595760
33588520
37227056
86843654
34862869
63217604
66164355
84540799
36180639
92293810
27960198
57061433
94984417
87819136
69533211
56274613
48809866
62962543
54707115
41553945
80610125
54080031
44298095
99832552
58322796
56739154
96148112
84232080
49470301
39068873
84919517
43915167
70936470
98415050
66076968
77725206
84480506
10098755
87214398
72559574
12054624
35702153
50765696
16826039
25076924
87998905
82527906
40543980
55521087
98677504
92221264
84535329
46733045
72633880
46817507
60809320
46174179
25627432
16108496
82827092
91964581
36602725
40061479
68532298
26366698
27670997
28911352
10116969
19645976
75577802
92962502
64556819
67747981
11936635
81668891
74235677
83330305
50553024
12446901
41211407
28753671
30274921
15527646
46626968
88052402
94492988
96909145
51585297
11590484
79948682
72190072
64131372
48520418
42435821
27076171
69364025
97848947
93392416
95406451
49573524
52285159
18366843
54479252
92461871
40314661
22614281
64750057
91113212
43424200
72605809
28909286
92930219
79601788
51307847
50670053
76799868
33717808
36667791
93392220
10773770
81503818
32674956
26710679
73862820
75486410
69376591
25146198
59097802
11467039
39571594
95375793
12069332
15028262
48301443
38560294
76090418
14112448
46185380
85701185
11077582
98987534
72888879
24328423
46576782
35511755
42581390
85296958
72911477
58730695
84665160
69500860
47456617
44203260
34563984
67881547
47857551
67207503
80731128
43781526
13803090
54527460
11406275
48973683
90574467
62696222
47412183
72507757
98275483
33128114
85508177
64680684
16459675
62621286
30130739
72630915
35626644
72980280
40794838
57086787
20503253
52911177
68519590
40151508
52296372
11359496
34490747
54740807
73029712
77847176
53126125
19214192
69747717
97365536
54915342
28232088
58628151
63316693
24802423
34329282
31316340
31942516
21848046
28434184
46063141
68481857
31280305
72530595
73548017
28038217
40503266
29783945
71832239
37193044
42234382
24411184
40492549
14799479
12642267
88271473
26600866
91568454
27512782
89337480
50201108
49909542
13900471
86971320
96308678
26170559
70664890
52728459
48331034
56229905
93180410
27709495
21755807
77194526
70082403
86878876
66337391
96403269
92667796
83362410
47154472
45689775
89938016
54419077
27794018
22770080
93237551
24094744
87037939
50774062
61352829
65954086
26560088
28389408
30166917
18440223
90119771
72595239
31379419
31680952
30398379
49004868
66962509
31747111
46565517
59302542
63982842
90010160
49465506
33435276
23668373
21662493
42725671
79797830
16880717
31347580
24738470
17167238
54051924
29507073
28860211
58834255
11878844
77026175
83896740
61085332
46940269
17865397
38910869
37535202
81470535
78713856
77985647
74493969
66104274
25222438
67161314
94101542
91594253
94035518
65820178
28027209
54289379
54678208
27976014
31893341
83235259
92975525
19115899
35981633
56314286
67739962
16090639
26869027
79083348
41682695
70603321
94891900
79791159
92172246
32719006
15893035
55695721
74984674
99673407
53704498
88341426
73708062
56758262
83967751
26067041
69648798
50445087
89306264
71060035
48646054
11660500
71228767
11622990
84980560
38430365
90881861
79389134
63979893
95045558
79617445
20669804
11483112
14692136
55463679
75644287
44794586
41670441
54204821
39121054
45214813
74862832
83668074
47470385
14462256
31850229
30591065
55025367
13347203
41371726
74211902
24605918
21067060
44763179
10789450
71876844
59091803
22183601
26879560
38192283
94875827
27216610
71279830
96446062
46482184
45074467
31917100
12732783
34156495
98676841
57672701
38224102
85598416
36137728
15511798
51259319
79096318
67707256
31737059
98543449
83603303
36193196
37893233
97360495
35710278
49047792
32846094
86126469
50130998
14281942
56490604
17534568
23235841
89149341
16838181
49911586
54478871
63539255
61049081
28680720
56338714
43489142
76603186
62525846
13122514
15329960
93887663
53750350
60743385
43225313
54344947
88185265
57072947
82360144
60921382
82689900
91458001
54556862
86335929
68538393
29905458
53787078
69633583
29374229
86093266
10578042
43691798
28257007
46178479
44064804
41680290
63163643
41542648
91162279
77884516
64439687
44714453
32466435
86593708
50230053
66947062
32378104
49222439
18305881
52935488
14121495
17820585
39608450
88626688
37282526
59447496
82631225
80547898
28803078
51407473
33168435
45147258
53492513
73127892
53361406
35358993
45595319
40863094
10792486
16703614
94658817
93619046
40804604
30997865
27209665
14783623
63533705
14012360
82605244
89727244
83451663
78438564
19747285
32797699
44749880
68256118
70022728
22663688
25250398
41656747
79393023
70186266
92077686
55576647
50306068
92485386
37628057
71044646
64332047
93334577
54861149
71254604
83299063
71133628
26950718
18511992
33565248
20694906
81252116
57748901
92266060
65285089
15570556
11670054
76048838
57263561
37063452
82253718
49264766
14263727
24093459
41073998
22613638
94256325
70654165
85369588
66194372
30118077
18689098
45403726
30190566
95275290
37302526
85036681
58532199
91775110
75120764
85958950
15138992
17269203
58671796
14471170
23723611
31855756
69009177
13744256
31920530
38868536
41246664
21398613
82754070
27897899
40767202
75032687
60976348
98369928
45459194
47316611
51154514
74647382
22366385
70297407
29399486
50344512
96944599
61745480
44420447
52533654
48902767
15661582
80295886
81655039
82728181
39428653
66900701
44753274
91365376
30978278
49608912
22870798
95727576
98284933
52072841
98851691
10590511
54519868
86348345
55837361
44054851
17060020
49475727
28095626
20673036
96481305
67124164
20633376
84560203
58409423
27300152
64065496
67940395
53174123
83337422
18498120
67625779
45134889
45076534
53508562
63352845
48708317
29863001
15588369
76428896
11527946
48184264
31724184
56031596
52588699
44905709
46675673
65236227
86964675
34236607
36206302
88810527
58076667
87635538
63764165
55468375
29888774
38084506
58611676
14401774
70149534
66670670
91217237
71960326
40480320
13333864
42008614
92554641
51118153
47394815
52943272
94491372
25443320
16062825
82514005
52194441
20781323
59853176
11052299
15987275
17440286
20839852
17115286
94466982
18147968
28699754
83901420
46584106
39075054
39913746
10661186
90361521
26273271
45281852
84443067
30589601
78761342
15095188
58894267
17787743
68890718
41832015
46125402
42062417
27297832
55038153
46468341
42437389
73093767
58593341
10337374
41818787
72630944
59741747
34561155
29946214
14088090
24769356
79082509
31889010
62471714
47123406
38537908
22668497
41214773
56280029
13566669
68033742
50620594
61755118
72864250
62832574
52283861
61659834
68704941
84260282
83852494
75684942
73386331
29894023
21565565
56607167
46986431
10597911
60524109
24696828
53798600
82578985
75502122
44603708
75918625
65679499
43086112
61419925
61640922
71375231
97288977
38649646
43307704
99107772
73936403
43732621
92065686
45303179
27647844
49440266
47717622
12818962
72407562
48479333
70749096
51597998
51320588
53697651
30062613
54595449
46016966
23211763
98577064
22121323
62569197
39347454
21970266
34329884
24039200
16802717
61825753
10761767
34081830
98057461
86312533
97442219
99942858
48946717
98493799
41681259
28791504
72783120
54782238
30948245
73195155
80457918
21545766
61088444
77212311
23946190
27796257
85346460
51986264
64925009
45331255
25600472
53965742
76057226
17373494
88728808
94780645
29514476
18517235
64923417
19263103
50037869
98308386
89687073
75858561
97059054
97672729
50371495
49042683
41611612
44449547
30836579
54005857
92013113
69148027
45497200
79259133
31484554
30578559
27140573
50973453
26637327
96639288
32987253
50898427
86958384
89562226
76724170
46504942
35969015
59338781
42478478
42213151
69469433
84330480
71347985
40340428
65932252
21638571
26383063
25028293
45447796
51493461
83459107
99806065
91332451
64138696
63177368
54711412
25563929
65512755
32717282
33001073
82457867
11903219
42495450
40800751
20322269
93061760
24878377
95646564
89588585
35321794
27578009
57518241
47658078
59752205
37551241
11678299
35955973
20634171
90900475
38014679
13864991
98628581
94864327
35548081
75103211
80001982
93485427
42275656
56122820
81835403
70297370
77864521
56904038
81034178
17528584
94083287
40787409
47984319
76791656
97358292
89488838
72712989
67996308
77550031
58272238
64677047
72744716
10245002
89896986
59766275
97312294
95565861
61585383
81634450
93678829
45141366
59636068
17898511
86293948
11819682
91550395
18694393
75460747
75376504
77694986
67122203
95712626
99556570
71353327
98302395
74926872
13687347
83399572
70774582
13198276
27684323
47203480
77182428
96799054
85763307
25816672
80242730
67103280
25934280
63809307
47998441
68117327
18225155
30830680
83257239
20813507
17728555
17583686
34347687
39860964
34101615
86930404
83785253
11664899
79018252
41368773
29417496
85288221
95515786
32861060
35096675
67235570
79929542
23557508
44402527
42083224
43556123
24048850
40974355
83373099
36039341
90237735
97527059
40948130
75102161
93347595
88224626
97972797
26849820
44676755
55551844
64679578
72328327
38700107
91075445
81955815
44202556
25344302
82909280
11338418
17002751
50039506
13528205
68872029
65844156
41655585
82863019
20855597
19081385
86072385
54123749
93468417
52162199
14149269
92428483
90801823
30026843
71805789
26372128
67114666
80753107
57579385
17656516
97243568
98057879
85931339
21595933
79942240
41381566
75343673
59724575
73323096
85909450
49803474
63592629
38543901
42521009
85976328
20750690
23070756
35675785
79064731
46790137
54655373
73916366
62329239
85627125
18759791
40931667
89227124
52594678
48481998
30554308
82403163
10697433
48809769
50248147
91277832
87935730
70471600
56017799
31096906
15989224
64212883
82031901
78505006
86193014
74336026
67981598
48291713
91100398
61466244
82031779
50230803
54608070
92414864
60668988
57986070
11284335
89288818
47171655
13349090
58591901
32912824
45787786
95916912
10138022
76735047
24456349
34276619
89617860
70140497
26140263
16648494
58002040
50926412
82042029
86376810
76607558
36412261
23527111
91234447
38719009
39914424
76130392
30362739
73134692
49785643
26542690
72121725
21355240
87586124
89458722
35201188
42750965
24505815
13426977
52009801
96773354
22423485
99630860
16796141
17609048
65181360
88115430
39604068
35667461
62082966
13461861
87361880
52574972
64331933
15680788
21024779
62287646
47132744
42899832
21158872
41615224
77389152
96736439
62206892
67609463
67145635
45887892
52277146
47235605
98192835
74223580
76266642
23023622
61912015
21501673
68410071
25270294
61934281
26215618
65690898
85933534
35465480
76854434
71302221
13620354
25567729
65825964
79915834
19972272
56468693
73640763
71362589
74211526
62547687
70195288
61918166
85975568
97546584
43522757
15984271
47716142
64836113
77555510
69681406
19323028
82643084
97299103
63986391
31559980
23608272
10085032
65937490
31891990
58484359
81663550
40592852
70568719
81919933
82668995
95278909
74912495
72793655
85316837
96237005
20091340
97575022
71831820
37007667
65876541
39832359
38931565
93856692
45399993
86094896
33614268
53376116
47393437
38296760
29196670
64050405
19500364
59344332
19555580
32182729
62364144
85879786
73925075
41743461
36382559
50701763
51245737
58412612
94735002
24925330
15414650
84314020
22447855
69240340
78453520
89699458
18943166
34298275
57841681
70826045
12225496
46905587
96390962
15059817
80157827
71218535
15916170
40631347
57896986
38121105
83916801
29078636
18447825
98395333
65358311
58574644
86065431
33272920
19384993
66203844
94375828
16806138
63481853
25880407
39152082
64646061
48591527
36516022
15675767
26110261
11399391
45452976
58749486
53361245
74818897
94025130
38639149
36283078
17215223
84054330
71948148
49222779
66304302
58458013
38523308
44687996
98531573
22899289
55811792
25886319
42191920
94704450
78610307
10824692
96161177
42399758
63591958
72727748
37555534
39437814
46719325
23793612
51867494
32338998
68142336
89640735
16307703
46904990
86630839
50417251
25872848
56817480
62866351
61879940
84407479
87917234
45279255
21597148
32350154
10334845
92829399
45091709
93076615
60366401
75351649
83954078
55617639
70274955
38707359
72045983
59456548
67815668
13904268
26000826
77371932
46500319
48439263
39795918
14349902
31519329
30533677
17640961
92028897
44263520
40350818
38916483
30590317
49227836
27810845
10620559
43685301
75010846
74233119
67718984
68575816
81438665
98661530
29429858
18378231
81874952
28187708
99357792
19905392
73255751
19519708
97966967
12157947
80309566
63030848
43002770
46419409
21116872
44518537
58361967
46728980
23004370
29713724
41129830
48158064
36941806
74618733
19139658
96043596
57603079
40953098
19818216
13459631
24102081
80650029
31302822
54512149
44242959
86645988
41420286
56569490
87272550
18637724
57417569
77782626
17376250
62402087
46854587
96929136
27970601
88612415
29856565
18016073
38246021
65710148
60866894
65694899
87534847
61118369
67407125
70940631
82067505
39311052
86119680
49567385
20653895
30333419
10559596
72646024
71593739
72620308
85827506
57702129
84417165
21110957
27750754
63699342
37394283
75369458
71389983
76904156
82061634
22517141
84785559
51676042
79946417
88452992
28019741
58573197
88248198
19074870
46108132
68626640
64197384
98444247
74716634
66492809
69210465
16726082
28576286
22314791
44184741
14620629
10417952
25495143
18311811
27002576
52376148
75971846
86786823
75182167
89765907
88557201
84245897
53419286
67374222
37518936
72460086
87298303
36900207
95040641
98622904
31974190
85300878
10119608
47658757
99100910
44886220
39561732
10952001
15468245
60523152
74665681
54939402
54967644
57835642
71309566
49835687
60644363
37514511
15905345
89107385
12836521
26700691
34238001
21823588
33744494
75279351
93550086
97512740
15995609
79316115
29496777
33207342
96323430
11738451
68755866
62733173
58845419
88958862
93961757
38941896
57641493
20654455
78532610
68193560
46928633
97817900
52705712
85030744
21660396
84028174
48680189
53025014
71644902
33510382
29747237
28886029
37208236
32634902
17366484
36587759
40303942
62987499
48249945
30290368
24598755
59121596
44192079
94870732
38431531
23141672
11347775
18464001
82525871
27559086
98643555
84113293
10976386
73579983
93668101
99147157
31248993
73039458
80488070
69421965
85157236
12442107
87572028
93979706
25839577
10366450
13936965
51917727
57015507
50709458
63912945
68516398
60944990
73131104
87077761
57854942
99423894
63057374
93988904
12974755
91357126
40939726
86359082
29586816
51706324
90899088
60552242
31349808
19145273
38881029
20160525
64892535
73746572
48550737
52067813
93596612
27983971
54055791
25023011
33399862
38051903
83550156
82842359
64278645
89306893
83229471
95851692
64797980
28047177
88164191
73408151
88031809
98168637
49850214
85587753
53608865
78071015
84444448
91068068
19284077
20839033
85486703
63254762
19636523
69070330
68597791
80713713
34276811
94037002
95174145
87126099
28102722
86003622
65650434
37716853
60420922
64314938
66076569
71797484
68091556
55038202
79619789
93096465
81006613
88119298
27626173
75683044
97493913
12537722
57227148
16418475
84806880
50814888
40014277
96845291
89778811
75133859
12820833
19501388
12408591
61230774
95259194
42776193
70059730
32503316
43669969
28891082
91960549
56137385
33507900
85201427
11089484
19350283
62448810
89140538
31240326
29616911
96259182
10917709
92928760
15171459
55251634
21550188
95461067
77795576
57609473
56638264
17129278
65531515
21427596
49443116
70055630
12860227
87677087
59808293
46022512
99395070
96196897
12709814
80246495
13262911
58174394
51641257
66766484
98640386
61214095
23842451
73940564
85959900
88117545
30058387
65961955
25087939
68559731
98187943
78784342
94795895
91753186
14016810
16772358
84703373
62417327
53479534
89223073
50200086
81381824
58577650
40003930
27851760
16089253
57553856
61926592
24796584
42357949
80135014
69856557
66174219
89557625
59239694
95771605
58050504
58498236
37734654
37215043
50872402
20735652
81700046
16653304
77152945
52409382
67027338
77264743
30972465
59558632
79809805
61820951
61601690
50341047
83428630
15479888
37051182
21269440
86325206
57129752
44997689
26025179
89799691
66881429
60203788
79726401
70670366
73469837
56524021
56123698
17947001
45468215
93164591
68049425
71369983
55990959
59250919
26115884
81805869
51746818
99087211
29410714
20937547
71631345
28525886
32413774
34929811
31957250
83618408
59980237
77166491
75801601
32615194
65634590
61151513
94802652
89373799
16793613
13165396
20782158
46836343
72891064
84606485
35948238
61427624
72908170
42955543
82711703
34354127
28678610
65336346
57843157
63546396
11750655
56911254
11734889
97690523
50316410
91922317
99385689
37349207
55955488
37669369
55703767
80485785
72292059
86661477
30434156
89812174
56716508
60016280
91177793
32979462
10589175
30469995
80150282
26961177
50612122
38556348
77577232
66926052
10572523
94993659
41946329
67067953
36223330
57689461
36055349
18185520
18387137
17653864
54184114
24717303
28385967
14080701
86332117
56266877
34127729
81117791
57606044
42157764
41267395
98100424
11756479
25993368
84589703
66050820
46355811
33376452
86942416
78847756
80844202
65468715
29054717
28460827
93561487
54703114
74223085
47916930
93256756
33458401
10925085
58818856
29069656
97131772
98420969
32139170
70408548
28040733
77127663
64066923
37551140
31179464
36779153
48019648
23096595
89335979
85594904
71099034
94433487
71884711
18150134
81910473
31562667
44700799
91852836
93896362
49217251
51975324
12801066
13501445
38978026
42590970
63903165
16341509
62673504
12317747
48990850
38939988
28411680
28711846
77508849
50424787
63267445
55224388
35018964
39391347
28118508
12205687
98858735
37345203
82426052
11202223
37281466
50534326
82379913
82818506
72687360
96234785
40628254
65080782
21330893
89499751
47564390
20317364
56060942
41740104
95051115
44220417
29434675
90696383
32578372
34669803
71673169
77357098
53650290
59781365
65630413
37179056
70554928
99036577
54677510
77218765
91799553
79033319
22744882
27746302
15544467
98440846
61136133
86131005
21049198
80634671
60858202
37492263
84676886
92712950
37845678
70186889
74766267
36940449
22965660
35844364
92047880
73726591
27333103
44867148
99535578
42728252
89284618
79087999
10721720
16271864
11814831
58413423
11936576
73979409
92253091
26664014
21991148
11805253
89464540
83075835
61766597
72754440
66574139
97412977
78662796
90576346
94028096
14168343
47915632
79361266
73893997
68566013
50122176
57415686
17308104
42229045
83537723
24268857
98432896
90619596
22680195
50158498
42430503
12793828
10195120
64043637
20509214
69621487
63717121
21653969
52504078
89059850
82644526
32211109
94276626
91551220
29749209
91758015
13720819
25304489
82899618
64656755
48407839
60985050
57143524
36091210
44916636
89848783
11934322
61689431
71463986
22688582
12405696
42709838
67872345
60450054
66365280
68583208
18617255
35505425
51696158
92334264
99137070
91325678
84842214
31450450
26436594
43847457
57815635
81342342
33474109
86994389
12072714
85160129
13174800
13372669
75038773
76959650
99966204
70808040
35619112
17009085
17254629
19345606
67654279
85111393
19441990
31435270
80362725
79511497
50575966
40951712
75089342
17085178
22238216
53870078
77251741
63889855
60524841
96549127
91263326
97844415
13013443
35863882
28516366
15493944
39136678
66752964
59343214
76202970
91903557
35300303
27847703
35879618
66415910
17416743
54287031
58033553
88018163
60824857
43554937
18659497
83115210
58143363
30556418
38249633
25036313
20057776
68546612
82039122
23453663
39765867
54699192
96717832
82310843
69042263
58329440
50962478
40553561
73728218
85050184
51278356
10139852
52884184
18165697
84237694
72850578
69447246
65182728
69153436
67951633
88452332
58776670
83895811
69016040
22704281
89075591
86391590
86670060
58215324
10606242
23318466
70742965
15830386
53343663
86970328
10924724
39476542
61949888
11285087
55390984
61794460
62687820
99033098
61844794
41129255
57846618
61553269
12255461
70964712
86280668
55969821
83294497
14272216
27543088
19939020
88045668
99416056
70038249
39461224
10373251
34400940
29156257
59968222
44574674
70879290
51262930
90169213
55250934
70822578
19827584
84681073
37860056
27709560
34511606
61925978
11841590
45347568
15847464
55168648
18119891
92759620
64948791
16437333
15850575
26795477
42123540
59288736
41516433
30110011
72131388
32785761
68362848
43100667
89459105
30699118
29014289
32537412
91175337
32856009
45405275
38567014
52701007
99947811
62460358
32201296
92804840
92778482
29765186
27937604
89179136
56280874
70576084
84161945
23514083
87944859
82113387
33633580
25640631
70853222
42848849
71305829
75926726
49114269
13184189
38050017
36212570
19906806
58234245
49407041
54807105
43421484
31363184
89668238
86158064
89724787
65487402
80664520
70926532
55020310
18693969
54755338
90408547
94334126
69855276
28514651
45538369
67477120
15327099
15672723
86241983
63189620
62796649
78378599
68611310
99785134
62927262
29820820
26948464
26848075
50423025
78751908
41564415
60849850
56006459
99190880
43795080
53408820
33160262
40825299
84518511
36212697
54926821
99246326
49294838
65132137
97211421
92182269
98207032
69619483
39764225
43525309
28314014
73869723
28730936
69978517
19202089
10374022
16585287
87550728
84376257
98460953
20887650
35104711
23591431
72763582
50540943
75746745
65278907
54693984
11609957
13261261
63784913
99924098
36408252
69851099
32134958
97695341
69912948
37534633
17804671
91477250
16542942
52247306
17744045
47855050
78059170
67627043
81470330
57508270
14318020
84972203
75332930
54878959
92082172
79511335
76525309
18103503
22932136
13212507
43787835
34634356
57421457
44703761
10819000
17015889
28896223
20727859
83987579
67460800
47813633
56485034
40463382
98109715
74361827
51139090
25859830
55469742
21127550
15488765
81155018
78135261
84437934
29641918
95206914
61701549
30259966
28955989
17446649
33390056
38805532
48308338
56625711
62267948
61830251
99029928
33110319
64097976
26644240
71959153
82083204
39257813
68156310
45718150
41561855
19734403
42753912
87521759
14997526
27501928
98346812
72679851
79060387
58833604
32301247
66807087
96037571
39391955
12907089
19500599
10291142
60421076
41286524
64115767
70476351
40937140
85767909
85191427
93788474
71881820
55255756
22783400
24341773
68596372
42681262
72773605
96400071
72167058
42143498
18818121
48380998
76872099
96592832
67810282
64483557
93663221
74506132
39346367
21622865
35487743
38491730
55615515
17111549
38243469
44608396
20438087
52711724
64871915
11540735
34875450
36747179
68491438
35942420
80243831
54876193
70529690
61930242
67714948
34614782
62592051
13708560
15475970
83691153
48179043
45074808
49231982
81388726
69490500
73066471
63382131
24124332
16028683
12933537
53497961
22516357
39758610
47573186
15790190
47897142
21603713
20847519
82001695
54452942
36231320
84594507
23380340
96256580
24625178
59598774
44859701
24102249
57177305
94312431
49480989
50083324
96415323
76361097
59641692
60280230
75331996
42833757
19212120
86961837
87306467
56096756
36177186
64794839
25708353
32089699
87741096
50321771
69191175
72488424
91512718
54170326
30214193
60671737
46147018
51214702
65350735
26667722
27195769
53690890
31163437
24025355
66522175
10458904
74701330
30914074
84108054
66492946
57130329
13240984
50085050
67926928
66340633
82319567
99225138
24907604
69253045
45013653
92327174
25248453
65330108
84181766
66986137
89835715
43315398
12477662
79441998
12056739
13786855
73040200
64681282
27045699
43988552
26868186
48979381
63657842
58999994
19229862
74605234
54583681
96029772
11634706
40346157
20217455
33118772
91396283
49184561
32930685
64087059
66357293
98134926
92167666
10968695
99938878
23441197
72773256
19885050
97266439
75479044
98123254
22082311
56248320
47719332
86622491
80219964
53551543
28974703
22471492
78394859
93066157
83482472
21267738
75025595
69129037
62741283
11098539
70918252
67536650
15574235
11336467
72620728
54150932
76945186
99240007
65997780
28446518
86631987
79627517
98815126
91885647
95969123
10415291
35487024
45959018
46187958
74716411
46616730
65838205
26853518
41619960
46083854
74176827
40031231
38807065
69582765
88570518
61827133
98139766
56274239
79473237
65878583
26407691
22006424
74267981
55759293
62525816
18982421
23295039
79639772
86355058
61462726
55107918
22199370
69734218
28927782
46932251
97692284
25053976
99207941
27472767
52771414
17028612
35940359
67373412
56206330
75052464
57258052
38704832
83735873
79538245
35133200
63376431
16424392
63900313
68836694
62044588
60750202
66772382
36178924
81472683
72035886
32940888
81777020
17509526
94298188
20371877
60893306
33376293
66051105
88282257
94597513
44441305
91238712
84130491
34093663
93786261
24385446
31504543
25003891
37834380
31133124
17733678
34033171
73453041
37353240
46045062
99692565
62171329
75221586
49487443
24536229
62173505
63772094
69144212
96118278
61052189
28307508
92987733
40023441
37735303
20456941
60272238
32028552
17897302
38225531
67112822
65127829
53010238
32522943
84972260
23202460
82591176
60650241
68597935
29049050
15820736
32364679
42021582
10589395
74890934
53329759
31270866
24586808
10708922
38261399
66109101
41908574
16676475
32116022
63915333
52961077
39731673
75534407
52044402
55986454
56264407
63984335
47681773
87876048
62158180
91384423
87095271
84238032
98713781
24432121
78139446
39856236
76973261
32085659
67864490
39539788
97159326
52073982
45873141
50280649
16885670
52487402
37955188
18641026
64283378
20579926
65533603
94696335
26100900
40399016
38989979
97123695
75733830
78770110
99682870
21536663
81613001
11541183
50144215
66187707
46067052
70769209
40881500
12431908
72951229
40503752
40294863
85786371
40953989
94987200
95417114
22506336
20752111
65424201
17873482
54891746
76083883
10974095
38217599
37830232
22312252
55362273
63547203
31721421
76670563
82812349
93890335
83672786
41108168
38263693
67961414
46370112
34671770
94453414
99768631
56346122
21084540
96465387
70250930
60057516
11142669
67571086
88957784
65764800
34671506
39288951
61830622
75883439
52109123
31668541
14715373
48183556
52943663
95438161
43045530
14019932
20711116
94804989
91534586
56138783
95873914
66108407
19438340
83303184
78441446
27864214
17772699
83271063
59721957
60932278
18579791
99889676
34931233
70281824
43360644
99784749
40453047
93128192
65151580
31375740
90892163
95461297
67558054
21051934
22994353
47403621
97907313
54821751
10431860
17901432
76849986
19024396
12077268
16476139
85427837
21620038
30567397
68708313
81596535
64782831
59666023
11201147
30437622
73170001
62107093
50475218
31232528
72695660
44039834
51809517
11712945
90185939
80355299
78353338
12274851
23744271
69879073
58282823
80813089
55153859
12073351
30082031
35243675
63284674
29871314
96363243
89638395
18582506
50352560
90146085
73715715
30042885
51495088
21030778
33541793
57098800
56148164
29569233
33945792
70153320
89037119
18292850
71813372
96946814
90791227
79860597
83084575
56958351
84446829
43555713
80911219
41264108
29858833
18225918
19154931
76647401
83759963
44060290
34234468
98519513
19201487
90362848
93573663
73767217
16742089
97507922
47526509
24188475
45125686
12379842
40219018
63840229
94886348
53029762
44549112
35080660
97546333
27490900
23400564
48538137
88344740
57303896
93243768
98469010
25518036
48760917
43337401
45975138
73884289
18023206
89179530
83890128
71869036
56321199
81426557
50877504
30420974
15443576
62802028
84610365
98816585
25722958
94473987
26486538
21502772
65938535
60394758
19773917
65103490
61366720
83969286
82767766
32727412
49650342
52819263
87517837
33857688
88304721
95210001
12465156
75689179
46938666
27306522
38240316
16863026
90507566
55122412
58680227
82823137
96811114
12381424
56184362
38339943
45764646
14043606
56526773
26671238
88971038
80498232
40713644
45864555
93537866
68532527
69686934
62635649
97079232
42021990
98169853
27728061
33965301
93881571
36559631
91745266
47397135
62946393
29339662
86386395
15998498
79548303
23834055
78043666
73889968
54727617
77814008
64237758
46657641
20935293
61092068
47602845
79311305
65724921
78151045
23677164
13502392
99221785
61488442
34005726
56364855
12448934
11187981
28035256
88333353
65082702
59474580
86739443
87007775
87438465
73078635
14734448
15114216
83584850
95084173
81607400
80329536
72259688
92690135
77933225
98971242
29590923
90809397
60050559
25682278
52395742
86033771
57469230
97190992
64128556
72165250
13614106
46994901
69957722
21974989
14198282
53007826
40168572
31429271
74781953
71509643
44741892
59828202
69669708
21602948
96469398
57450494
20500762
63129600
61134909
45471045
95359635
76534819
58580911
67450086
85326845
33704199
86813127
44359431
94014497
26257835
55352938
46668758
26236566
21122664
32059393
24001055
84073238
51345372
66822003
45549680
80570880
49693757
97452412
28242942
76607689
68174002
14754912
57727791
35986790
77448863
85416333
89405489
21430912
29876222
69315916
27740966
61093300
27867752
11859107
62491901
44764291
58367540
45488843
54219868
23900509
60722998
91497929
70219705
59209157
35471529
35569580
62487304
50979105
60293543
27394786
26541455
51211296
61481300
79024054
20475349
72064840
81998875
71108458
20040249
62910363
70221840
19855725
15230750
74119653
56820981
77147065
81064900
10750885
80088664
18565323
49565106
93588245
10719321
56362304
22738511
54333272
31662346
34396041
56117777
96211520
32981103
71159371
77620556
15866808
15836324
79068373
15184940
90668756
33442974
57573055
44674750
50053898
38267675
52015656
54995471
80765905
78647387
84608121
43781665
29554621
58191167
45487771
96791859
23061941
19141496
73703909
63393028
94599332
48085709
73225937
59075448
67223371
48869051
19764422
29194311
35489810
45211768
38504961
36440715
52839967
83022789
33396799
73830926
42806061
31834760
46700837
25034593
89441438
24187042
61659181
30176774
55966458
21709020
46504491
64623533
50656391
37229951
55472251
35249947
48991744
10710658
99592138
89023655
91462262
65535070
82575229
66052703
26634304
15226366
38002369
96824519
57213344
70200402
57556272
98359489
35795996
85523720
85441174
88772545
25353084
71177808
35170359
23653489
31645606
52438399
90463136
57266196
13047619
81738867
67382813
88879072
19278048
10831802
66972049
15146769
77304372
58835329
57765814
15791957
60334185
70600699
15766600
83084380
49764456
32597291
96362198
91911643
37935682
20109651
98320022
95879026
63019640
69183221
73071565
75270687
79933617
32881018
80576997
43760574
37351430
87725212
42706771
38477110
14582017
17201729
56602572
77661115
43164497
30432142
25715413
42278981
64794743
89076311
74948525
58401908
94841459
52747955
33714208
36055199
36894545
72122677
51250217
72766845
76449290
90043443
96314392
82200603
81610402
59948669
28532800
16441644
44254496
85694292
25227323
34046478
84378495
61028923
98661930
45807940
80821233
26747229
11691226
88510392
51110734
47293555
52560771
44363151
18185569
91547328
47492630
84363931
40899068
43624107
91410395
14413539
65489899
36763156
24930137
19253693
53821483
63575134
36562763
26974724
49248556
38478711
76377377
37108118
20930329
73850226
83447568
81036034
54976821
81866691
78384452
69161040
60867680
31890710
79740849
84634727
15258682
71397836
32855815
92749727
88515806
86336659
33081924
18795748
42513743
13496163
25305859
82085105
81434892
44516786
87427860
83077934
49752008
14289345
19136004
89367737
23161919
24413046
77029438
26254959
65428615
93907774
57903862
87491801
36902978
69524062
91477778
50276759
21974119
50388277
30180406
45099849
46737480
28669929
62398825
27020401
93455741
92550119
13876533
88734940
88042598
84725126
74381567
32061315
26557746
16047807
66887169
51606778
18175961
78100217
36311658
46467253
91539522
42100762
73536963
93638518
57105147
44018256
58982374
68300896
95927788
85915685
81814876
67811929
65865324
17085662
76339931
25078883
21471850
57896205
75979073
16760827
80030905
45529656
10093266
10640435
14313861
66457629
22069613
52754701
53357953
20507134
26342710
33919208
20119949
68329532
26411525
16827237
94112594
28074094
51486516
30525518
29844399
20788467
13844828
44994630
30176708
52427869
69805594
28749829
90022297
74322918
90753426
81340035
46692331
47073527
44769369
23779000
49482857
41076173
75869809
73755301
36342350
98659653
86112221
92116926
95706827
24301800
23513311
27800356
13921943
79211740
29738180
61125463
29901012
68416859
73186151
60848118
85747370
51781676
25084147
54427414
77663291
25396389
71544800
94844260
69813934
52116932
32810254
15253248
24280957
42621902
93348756
58097738
81109071
58215313
76916556
16344433
86094907
35052479
75169460
40832305
12364398
25277787
39243707
56205949
73850891
33601157
70163497
51538205
42659956
69847979
36630767
36349107
24990463
64762061
69601825
59194850
37469368
39597199
57160530
10547247
64044711
23711683
48734489
55724038
63975275
86226594
98664842
58855898
14638576
15213953
87487299
65278853
26558609
23922614
82231029
29719692
90869007
43315665
83214584
22189100
39729106
35348922
32963799
32026364
61890638
66275943
87808645
34279743
89379713
18312120
31163694
87439560
97608472
49828591
40517161
47430666
15759922
34472655
54713865
75803195
51079100
60450128
39829029
39316987
65150971
56426954
17021193
12071208
71053032
96179813
97193264
76030005
55550418
63075938
45556495
82009390
24414036
45078003
33333398
45767867
46514499
64827415
36019989
88710849
66728871
86687108
84824523
50887081
70028608
97898509
93286840
50445103
66143439
22244496
56304669
39750896
82071303
79006931
81113141
24181247
37611051
11671162
88463758
58611494
94240108
25394064
50844347
26554992
93184049
53214752
64775814
61798698
70043463
40093245
49472367
51591102
12497204
84730699
78327731
70626058
61065458
66461820
85144889
94620126
10407848
23496625
65146398
67326555
68655243
43438475
44098195
60558725
65482753
42144168
64488648
86736794
37358960
25628862
71682950
84662804
33734423
77524716
19974680
50591308
78743212
17644375
12906809
79928002
43555301
53727313
85113173
96056046
20271765
39603616
78924470
28860620
77032222
86198974
99886398
98285004
57942874
32667579
19987264
19505772
92736213
46915311
44043592
82378403
55546237
47728648
11671521
96000182
72107765
64902233
86047617
33747721
96001945
69059163
93281579
34191805
38911223
88390040
43408711
52152368
67479004
75561223
45581270
52198051
73089286
59757556
74006112
59604469
84828617
95405491
93162722
94625960
78014268
90251503
10249101
14006616
92413670
61597574
32918705
86650185
38287931
15374086
81713433
95809733
71414502
25326028
31882038
18214584
26565288
37694564
54413070
99831881
25258125
92867709
58269654
30120759
78084211
23541704
46599895
69987850
76217135
65019327
27019871
31371704
64786910
55339763
52138288
59393091
39554530
27065217
26094347
82206336
28402554
96785443
28634836
38576756
27422589
24561122
98743266
12461143
62568371
71867626
41052005
63263290
88651510
40109428
69507524
75841038
23926250
31502003
42326296
89166054
23055359
96777630
57707603
39932778
13459096
42771316
34133297
83813058
45546548
54659650
87977423
52394689
97681405
53600010
98143243
30936995
99094653
41983377
29208583
17514213
91706480
71575234
93121741
51428289
69094708
97353484
51602501
73356124
24454673
70644609
45597967
92646117
42445785
73937521
89840167
64167424
27649367
92310482
95811065
48150926
79673571
27775241
70380141
44050986
38290845
42093646
11735461
12414559
30298038
80232365
88454994
33366394
80698840
30134565
57808691
54385019
31636211
15175084
13097637
85264805
25758825
75680511
62372021
47865477
86255863
76553769
19764783
97282573
67301451
96634075
77758163
27892833
43395477
68938003
62188847
11508928
68675171
40389079
52915406
61629638
72046380
36052366
90426843
27785192
65056635
23814031
45940412
62893788
41128520
70651556
84403572
63184649
41435827
46603542
56230728
70119428
95105576
96162122
51410241
68025917
53552712
77219762
21223253
21075912
68827792
18993063
68090989
50909326
36274317
90580661
95145192
30739757
86178862
28955904
38828729
80157164
90683061
86758353
30495788
72362201
32698312
11004481
78234438
98031490
15498148
82205312
31694409
55560268
23725681
12434242
68886102
42516723
16123184
38672328
78308141
75573278
23391622
70931857
15161630
85501664
36134134
15305287
90042435
87202272
80714105
58280508
60787163
48351920
69895013
94310598
13924040
90252842
15681967
50124291
97135421
72025931
60461878
99276382
57685269
45644586
69572784
16213839
52895823
67971095
13222786
86465066
49114101
39515282
13158129
22119129
67571852
38324862
60556330
18215395
25488550
89086331
58677909
15285403
68656069
69392621
55707151
80271030
23555826
62977316
86331855
74376590
66444780
65178925
59346410
55217394
25937790
96556468
71832817
83291815
32938089
27314452
45316152
96407936
84059521
46341298
18476437
90114388
45086913
17629688
86908195
49271812
77953595
81618920
36290688
89015734
51318108
68724074
40462137
26396579
76174164
75702606
78935114
32902348
15894617
19887569
42754169
19898826
77621270
73586751
18243407
99710659
86770739
11528370
82703284
76985721
34066813
49423224
56685350
94554236
95666355
39175058
68278421
68137216
98304492
96672089
34233545
72967975
38122300
84856931
21240130
11818609
27389092
87787332
50737454
84000941
52975608
22113212
51475190
10293763
22627388
34666138
10607776
50956776
46502100
92169946
95755873
93573445
45734887
39252447
94475977
89177543
20519775
91517647
96203804
38562498
41595916
24243723
47180353
36877634
84133449
35365332
16531632
70636277
96432977
95625686
21075742
25155523
78928464
50744879
30081678
66777180
19413317
45137062
70124675
61255557
89452860
67732105
41467427
85491348
12888190
44691953
26934593
41956835
99847005
17599857
92445989
79415000
51587811
93638689
63190099
80088576
17396314
43521862
12955493
56496964
13979784
22840223
10293653
93598666
87718905
22288591
13147607
17660010
50643316
64289250
46112035
77448523
33986063
17570045
84566224
19634970
99744351
51503271
18187420
40937062
30924615
71532718
24860744
60982043
58631025
99455287
32008544
12420634
65452763
90154982
43010585
93816817
89379337
40425254
88974163
72715452
33689877
45880637
22690327
46673395
46557583
42794519
43412286
61220574
11101398
82430099
76238916
88298544
68408667
71087189
70841452
84542430
65588395
22914842
27501736
83363249
30057465
41192948
19876268
60530010
87739844
69245491
68568237
57418780
59844900
75338336
57033019
56605735
74317623
64464824
56883461
97090850
72558916
64936564
67690797
76327494
32549902
69526631
76684982
43166337
96603087
23474185
99872421
57237534
68954941
97188690
24744423
66837210
39544819
19699657
56596058
64887572
98322136
45876299
77486597
38713360
97886496
67597275
68393704
94982375
30125676
85687200
22038255
26333711
28525069
86643583
51869184
81968515
22083046
22607445
68463155
73485583
87751919
93404497
47961505
59496506
18682966
17849581
43005397
34243407
14485184
74224007
35983840
80505610
96848813
20850336
25413769
53620060
65271801
90932912
16198945
90782555
27239422
33491619
85652467
28702538
32264279
33962228
31150170
20060736
27654848
10440165
55870446
25742199
87304920
10076502
50462003
59607305
60420173
75704129
59661132
66721599
65569145
51369584
30430170
36751615
70733291
27264509
73671116
27291853
74495443
39635526
18437692
44108950
73108055
20681926
53850373
25373543
72291137
76219697
59259326
57833065
76876840
86398768
95672754
45621448
52950461
92290554
89388999
43633902
11771845
39020629
17415986
28079117
83759033
29958770
62421180
67129071
48896486
23984256
75508680
11646213
52620893
64777802
94068556
37756127
66854775
97919868
35956844
44019511
49187210
39419526
36156725
27594279
33200423
65960089
13192947
40525691
47918732
59997902
81987247
45358113
43979693
13023846
40181448
55496637
20110170
60551852
92971308
32594009
21803404
25950132
27753938
98783691
62385485
45287635
99548447
31141783
85678656
20691455
18702010
27544221
78488110
45588439
46105527
91287982
87720690
98054997
53462183
71748952
71597085
68900472
77652949
42943181
16350466
91809648
59824292
87220771
47744750
29266531
90117653
57555236
25524853
57956826
71775333
17747667
27414119
65882316
26136531
26793724
90556258
81943748
69268863
17869558
75877761
83147441
98355310
16858233
25571250
37536458
34311210
25739286
55725094
55400348
67943943
81411927
15035873
16939953
41323136
13361011
73845617
94917215
96654783
85355054
36722363
34910890
61829435
28659275
94708976
63115479
99176572
27054127
22669727
87997454
54653050
72115348
34788581
26048426
83718307
73405542
48395455
14473633
55997308
43767613
46701184
81599115
78052191
57817208
66331230
14670417
30170978
53817074
88989222
41692787
14476632
17246564
15057936
42270197
68498801
19129687
67997869
54414973
18448836
11259920
67571278
28649546
42060189
47391158
73178298
50536586
75004445
57135885
28291007
68686882
75593839
27906874
69719234
26448197
30634876
69193346
98547312
80921204
79018961
82676116
64629957
66213467
14606327
39527279
50679339
49704138
21426016
74254065
49510202
21751374
33561213
25448318
48992926
38276972
68289645
73545801
91399318
26045689
49265487
57765442
29342361
56924984
48803228
77296019
76402258
94628032
95746041
89493069
36813900
39059127
60404021
76761322
44252071
61234038
10403660
11235725
11108857
74704719
99014505
32536472
20114147
68849446
86051340
25181072
42265294
50096537
82023638
24940956
26442823
91201243
15139956
28986284
18495349
23738654
36773798
58358711
60054067
83491118
70271211
72976412
76477774
87270555
30771915
52109738
11678684
80590607
69441600
92323771
76365239
98921022
12500802
52885499
20052757
32294778
38718446
76120390
17662149
86255590
51076562
38594607
99799432
90046915
89756247
11804830
94235530
89939942
52734540
45848209
23438076
40931658
28843147
67699971
80227791
59344706
40178378
81752809
33305614
67183431
47891712
12373337
81825112
59004911
24739697
43275462
81083769
92477951
16867544
76753638
51455909
41727537
33909556
47235664
70490763
92860704
74080657
65463597
26358611
71064321
38187782
92547776
75863704
87954317
32652964
11719842
80059758
47462181
81135629
57416913
43637665
23030718
18735243
98745009
59177640
73915754
48863709
28215587
84862775
72056703
14768531
59707457
66471152
46562534
54274483
40807097
88035458
55670955
16026033
94082984
63510842
33571577
71548309
24382491
87214885
59568293
20317595
60673253
43981137
77271415
34063673
53621411
84193328
97217653
91134357
32672044
96590880
15081125
70641832
82780710
30992534
46029680
82943853
81427382
20927907
45673669
64041807
56500401
65445518
18661354
13969452
87901035
22165839
66840462
25808856
22978055
29895593
21690255
33311338
94675853
51257177
62374223
79652489
72057531
56659033
71983040
79664648
70250114
60836890
37035986
33047888
56691747
86457597
97298220
68853156
17561940
42641049
51286610
80134497
74357856
86693805
26069408
38044935
97448299
50587070
61708755
29280232
92637778
13776322
57538795
64103987
95383495
55999018
50344573
70330625
36400592
30873766
52915350
91564503
22239501
12644157
95408591
64482247
50628502
15007765
31431559
36240197
87940422
38212934
54596804
89198925
62584650
63607555
73074738
40025402
13819024
32157946
87606474
46318128
18573377
77439052
19646741
50742840
66893888
61894636
82572751
14264740
55798205
68631049
37338519
89027693
14245123
61724572
17054392
40401965
12991775
97885019
71994031
41798164
76240350
48350111
33256557
63494355
96236552
11340055
47464595
28894067
77521326
56028050
74242296
73169592
50285757
66537561
93622781
85933063
11123742
67675304
47493117
97275250
72823803
12026571
44959459
47375586
20007202
76191314
77417431
74121568
88980097
41188337
35088081
80171638
21898190
14302826
31643600
19256423
33947359
40640774
39998758
17919415
15129054
15355203
46009833
13493797
58008060
57271812
14307132
96507186
78553078
24935081
36585618
65126973
81995942
24124085
15156753
17052348
62909622
24624673
87152529
13481113
27204335
32323132
20446787
49923622
30196655
89902141
21998062
38678335
95910137
62357351
78319189
21088379
36790823
13132119
52187701
67619086
85579962
10426989
46322538
37231422
89510098
42176981
86222385
96835712
33425928
98700335
75376921
83770853
85594930
53391336
45384526
67617406
16676439
76056964
55240150
65817279
26511816
49595315
89155941
43739210
90194911
19116466
10291733
39568744
96051460
40881064
53182523
74321141
42842957
42717475
88510805
96964541
34787626
41416735
62391817
89656749
44748670
79039300
97284767
42671689
43453298
62311858
19218297
67074865
18669412
84446086
92421094
83529279
11517655
92409639
87396323
64885096
20295982
33901807
37263081
65056571
96116483
36473168
39432839
48484530
43483075
39867742
56521293
82318685
93965041
93098403
88356733
22401916
77912388
79033401
86063947
98920094
41522805
74015256
31435908
45447203
93579321
68664767
88633026
73055591
92179604
30446789
48884214
37467471
13666878
61617599
53807637
67939250
66242877
33784545
91360043
74600830
34877175
22297245
61334926
87526145
71648260
92560712
57810919
41887879
15603224
74637930
94147526
93646966
86990867
55180013
41630746
92164990
26667835
13979913
25131143
45254859
21380720
12453262
30425840
88329572
11853047
80000592
61850403
56253938
14839470
18046292
73103697
74832146
66593502
64159009
17228190
61835702
51871033
61296546
85477449
47066954
89479634
83536247
98129078
68106794
89464854
56960252
77107173
23292691
53548448
80086169
51245109
66275978
11764956
58245806
24011053
64112698
61097971
10610170
51863514
66674126
94649105
92806100
92759526
18304187
66530186
31572215
44384833
88881968
81636004
66069119
89700723
30019669
92771799
19491702
34910290
33136369
58278474
81641573
57881202
61144388
90839477
97129484
38905265
79793586
35171325
43269093
45555201
66915373
46834835
26355138
44350966
73847407
97063974
91659155
84857161
61488852
59375609
79419605
30936952
76231249
19451087
64517528
70798219
67141013
85178370
75489835
94029042
28909754
93296563
39314149
80178571
39453224
82417947
24846610
66585151
55859591
13016832
71112825
77075916
96245214
19349188
18699165
88515789
52681368
43201946
35422805
29831395
63087339
59641194
51489181
70308555
62636952
12996078
67243516
11267226
50772813
84662890
55023426
18649501
24516495
41115235
99427400
41061728
53180196
34137342
91524863
10021254
71911459
85604671
61937921
14373605
42150548
90610157
57766355
85417645
19678787
70122386
53873722
90475715
89880998
60147742
50763702
66937772
90901480
29332011
50215839
61154852
34567441
60008412
73981019
41253455
58323028
77934942
85000762
25799559
15148406
71503248
50131438
40684116
21131606
63854655
82335146
29578233
73100445
77407754
38906069
65790635
93390338
32488677
68523243
82375645
61437370
11125816
13891697
56399158
82835067
34145831
18654738
35458468
53166508
70417773
36223707
57729802
52702891
76081889
51261968
13238037
35775034
84369819
84308009
51959468
98765063
31257520
93239020
90610518
63597080
15771304
88125269
49666765
58033969
36114187
75644064
65039323
44719709
33518369
72943918
40958534
81110470
76759529
21881758
67224529
19556801
62976662
39270292
78930822
59483600
20641631
78631437
12509349
63456834
29122179
88818772
49861417
13315445
96674653
38415502
46918899
44744508
28890271
97991919
90842646
60327515
68453294
35022223
72627646
31386671
84137754
17720663
57847485
56272747
16172600
77095829
33721140
89213308
47436848
34270682
70792974
10608315
33067765
90039916
40628264
86800977
86798351
15641393
11798771
71971733
10172457
31388184
69521807
92155966
72924497
39001158
92474216
62381360
11208598
48168147
74605105
74853877
46962004
99072250
42704019
37722639
48981129
53457859
65064458
99343522
85836955
68174720
24425912
73290831
23440450
47955059
34179686
64880802
51449107
90054285
14176919
70924961
47466538
72080721
85952587
82525701
83725428
16137559
75352453
20784534
77797561
19759949
44800638
44969486
46613646
78943876
11389368
23534443
73838510
37696188
57083657
41034346
10285728
53062490
91347270
16751638
65164751
77605186
53995560
19598474
68800949
39488684
89175052
46317863
35389448
28725105
39423090
15405425
26688403
83549428
61230343
71122466
42826160
33807337
68879677
35845398
17842265
94462080
47760343
72035609
65211825
10907534
83024357
55271404
87825515
27006788
50613852
44713268
45687591
11352186
22747988
35606242
21160683
88647928
29422091
93494972
18716026
34836584
15584094
43254628
41907604
64821230
42654136
45617501
29082768
14108339
54944941
36843581
79684800
74774434
33878438
65079920
74281586
66186556
77169207
40253862
44900371
28015385
54430605
69351002
97842415
77072252
12193923
53008896
62645011
87307281
28980819
88685259
89510228
78397509
57016297
10872216
23936360
84643266
98714195
78989690
23585457
23830022
98217685
68452707
84950554
69966239
26603162
12608235
55202202
77023749
44962180
89911104
50151382
76675219
30025764
91632683
80581987
21436580
50894789
43778746
38499497
46921158
53784739
44093584
79683299
38074169
20232389
86790466
46211288
71967160
69111035
91110193
27501332
55910014
62820276
19276834
36586807
89784343
49746922
52164562
76366809
41097582
76419121
56959993
15194343
78319897
19308264
73462150
58633248
76080709
58167247
45014892
41367359
15491583
18107531
80797701
22505811
92605600
83679431
46403843
22511530
54235475
85948302
51375083
18822448
71944192
70708547
50390887
97929657
74042680
38814562
59713224
57733151
76756377
20189336
19873250
33940917
96570262
93215059
36521003
27042519
40271502
39192498
23808144
79477433
91258716
61964953
17369880
14082541
99948535
78020317
78324973
77343969
68382185
15821236
77737612
18580226
88557008
51185167
94381004
23081893
41613887
70839512
39535103
64883230
79692723
29405255
19599404
14339354
29980639
57873498
76826093
73530670
96708665
64337617
70744815
49923245
76155485
59005418
16561350
74381275
20008401
15066743
30543865
38254367
55351522
87128730
94289846
56873286
59869869
52170912
56036390
65772145
13057978
28649208
25734491
41696797
28872514
87321702
18019789
31632017
93086921
57705990
35426902
90960902
99869149
69455611
73688519
10853944
63480397
23303544
49585010
83101235
92649537
37807158
65485723
94891616
90984319
23981605
10328381
30994434
16128841
61675965
64563443
74883805
20391892
46137843
89201162
17082225
74946784
24670280
22484640
66638052
81560312
55869563
71422712
70471933
34145480
82331231
31355998
99982156
45884566
79610567
37775921
67385832
43302239
85798173
24762130
52364497
90810127
85465234
99940008
28423667
21909595
36382320
95807117
81588940
53997247
79254795
94868696
87990564
98508373
43674439
81618427
45611196
35057297
48833161
94237698
59741222
53610400
90349350
30860351
79243672
63504119
16387596
32599141
71992882
49475767
26445912
43287580
18694593
72076795
84836452
66666730
84175680
36899569
91781291
56921997
89773029
82566524
39578945
17393521
88975251
84961527
81870588
72237033
27479819
23811581
88623479
86694667
62241474
85274964
69530675
83334568
45192525
25280886
75420134
47342841
18937499
90655868
33242871
57539884
89657400
67820042
66861108
16334165
71777822
97188883
97474759
31921642
21820457
34353304
21707396
39829858
12493962
87006034
45026349
22122567
17479107
18555531
15869128
19299866
27870617
23938188
24147805
88856952
71587189
20099803
73208381
27641603
99097975
26400813
76044495
55519951
16943083
18478281
66190116
85327092
13168661
27916994
86168985
77454765
30995262
67355464
14079051
83180604
60222044
14116936
24426937
50651576
16663726
30929971
19289791
93420792
21959242
77622468
90379691
74503618
82185441
56750212
84585349
71082907
18607949
26826644
37536617
67902928
21571989
95717041
23869170
87738224
84286984
14957841
52616766
44605404
68751529
71320571
67804463
39156074
90874283
70257684
75295683
69124997
64625647
84632406
54507803
16877810
56430619
80096543
75349672
69634093
55333843
82512870
81126001
94479383
48390536
18740226
85456215
96785849
88376768
13564661
97465878
94474105
86187062
61464726
59838441
31290047
58176686
78075317
90294798
29959155
93210977
35859597
72621546
16399228
74751977
15897164
45681226
25748052
89295701
89466687
83765700
45792069
53443164
36667804
10135100
27465795
43890351
44712683
26821762
75949156
68708199
85333777
96341785
14433408
99941150
66147322
48321299
58125409
62007138
57752983
17009319
71995298
88191553
32960901
17110203
78519029
41298736
11000558
30504144
94247997
76586442
90065453
42220717
95651815
40731102
80923363
99684620
61709142
23165046
30209387
50510441
50250427
89621212
35433264
67807822
87744798
55061758
34471140
96586113
82771754
24355307
79546457
32958301
66682129
42654457
47134463
90619454
54462345
72896507
76140310
27353685
40474723
34077341
14719176
76954683
30497292
38894629
42394489
66967381
91934370
19106571
33713510
46244420
98978847
28417993
91083831
11297230
41716763
64554025
41705088
21153643
61113502
47976596
25698099
21273964
57449885
70505097
75290917
85697593
86910224
22182697
48891067
13081779
71197361
21606894
19267505
80816696
23599442
71603580
64550662
54553156
92987227
78742416
32357384
37550004
34980448
26578709
97354231
56242854
33795547
63805013
39480921
60206589
20965387
39369676
31301722
82982017
58088680
18356249
77500253
19825443
23013697
51071758
64520995
96879070
76982900
98736614
69367702
58943672
41816521
87888022
65468851
44346471
53213292
57999164
77605011
73288209
19931526
93215924
22398484
97906348
75810679
43883594
98751784
32963589
76339250
44189961
88042170
56335836
71417908
85863474
25363000
92053291
17190818
52292552
18329921
34708743
31612542
60469576
18789869
26417440
94957957
29351031
85899187
86853731
43077033
84445267
92449019
63774142
69165350
85163307
28925377
21678723
49119555
65547083
39482466
80708070
35686184
31630799
64626311
45465889
63793750
58152344
42724523
66880567
13901126
72190685
49209546
51015714
79819993
89675475
55714202
63356834
89554490
40310234
46576357
27236762
34810037
24112032
94088661
63375358
81683890
15344591
21192852
17626908
38332411
95703301
86737152
74908705
14530805
53527796
78076560
78575273
48855080
85424195
66501711
29453169
16663785
49736629
95421532
50555579
44403126
85889308
95963420
17073405
90503666
75659764
21604052
69090229
79722907
23428517
64241051
99482804
94448062
98917505
68214375
56782789
13144912
88779908
83042616
57463673
57408233
34170333
33287976
96143973
14604460
74630179
56990441
49511528
43484810
83812117
38667291
34806701
54909418
78315566
46326989
64986283
96123589
81983983
56525074
77005227
91395399
51170993
96737622
84194367
24287513
70806923
56025515
66367612
86855301
80200276
51629059
88452804
58630041
43242831
94476692
96576733
24675304
15912310
78625653
32391752
69415228
82976539
69389366
11364365
36403587
44606353
93286365
56974129
28738518
87123689
73583867
53516613
86880678
91512922
16820073
75259673
25290245
43400634
21559460
31819789
72413839
99058473
88145475
75309959
65096819
11728333
46324625
69163904
78245026
90686647
92287435
49638585
60065810
99696356
52378103
81733260
27646127
60462176
67385695
17494237
18835167
89398405
88670121
39670703
69781424
68536930
73359124
78437203
91242145
83106359
88328913
69695931
94429706
81534108
38019067
77777644
20503720
52534592
17071157
72393618
71463241
20351567
44310239
88383533
19434768
15211757
83612148
25773545
25724134
14559712
25477123
94593548
62120573
16132810
31352008
10772489
83031682
69268243
66967015
32389169
36420191
57399781
10910788
32635273
48111786
22388305
63187073
77549238
73382829
26273039
15167125
82587029
79803282
44809570
57294982
23892199
68057387
81510426
19513283
29602858
96725468
23376435
20473760
13177859
61813019
28700398
36381014
40887248
58488374
67218808
36253107
89539113
88173202
18335740
46534819
43141868
79641769
54639146
15122038
15141404
38262597
18237838
91315506
92393492
56043411
37587116
76565975
72110542
31727990
25150033
93540805
88875263
82610184
29682692
14897995
43115229
91600942
52144540
43877454
24075392
11940054
46280427
19555475
39793510
55180624
49781656
14305449
97715601
21499974
70901770
82006774
87778123
79376729
42517120
21133020
42139914
95163610
72930110
28794375
83230062
37812002
52045922
15944406
61129190
54771983
36333269
56181347
88317021
74621489
90974981
19367194
92053198
69647217
57439617
44965904
74782177
46300401
37253548
30755357
70840737
40803969
14850149
63589745
88063300
61804006
73419312
97010403
65671472
25045981
91234395
45826659
12683329
27966222
79262729
76898489
87785696
75033538
30309918
65117867
76792642
19575639
52009830
53132994
74817118
91394663
31209434
72702253
26367625
71942704
33114148
99632749
13312253
19065955
99850910
83793768
11841887
98743621
19367168
56763189
51093078
21702460
42402202
50142667
20654965
74820791
40853165
34106576
15413602
29445106
21779548
91639136
63581686
57894009
54472544
96798441
61678216
44140051
33564964
49059365
69280844
10347408
79012789
53231835
50591518
75478628
51300724
17002427
39913530
92588740
38597056
69796218
42257453
29324969
27975883
33475803
75871385
37010239
51619503
48197177
31737848
99831945
19184194
38478091
50943851
75732906
51278191
40611158
83129562
83275232
32816034
12773427
64605362
18423073
25898589
16620792
39082317
38431696
30288488
68308742
26296176
30410396
97218597
65559599
72528621
28178293
48966401
75855937
30640489
21660588
97382919
53101236
83825080
38499751
92789647
63283947
23116900
26086589
97329427
77991594
71121229
70448948
23334561
77077994
26495828
94161517
59848929
21153703
82051966
94318234
83381893
77228240
74151439
87231741
93083142
73789275
85465181
82378754
55016491
53682799
90984599
57552705
43061645
36625695
89209103
78706351
38765624
32190456
68393028
45443106
13556085
11926694
80673511
58108701
15998436
50614286
51824779
34724265
72256305
67728507
12257898
64227806
30065398
71315567
72840654
19425665
81330989
31135131
74429859
35266887
20290256
24505835
52956694
22269624
16179343
56774072
70477545
16922927
74663597
45573281
33010134
64895869
65636600
85408116
77858205
15312430
54053859
42021957
30343724
10829283
12863554
89015329
62720490
88334942
54977185
31359709
70946465
82765213
21108032
30703111
83753862
24171805
46420271
67045758
52809445
39970623
65024770
56574878
17512813
93003464
55305522
52361875
43847318
47025027
68926736
75128655
62162219
64182657
54336742
29547414
39301495
32733697
20548022
74571536
66184554
83892708
25927509
45528891
88979957
36658195
71440610
30412794
25801191
92908717
35796153
32073468
28616762
88800275
69925393
58738016
33227865
42519378
30517558
38372310
33459346
36708603
46535684
35581819
91313666
66789381
40960929
66248485
22801733
78050173
58063566
48831718
28325076
58480987
23924175
76882732
45145209
28826097
37414389
40769034
87456106
18968445
53916229
23971857
96386954
10666461
92192711
72147160
20999991
89015138
50822508
24234193
39245852
48431872
95302089
24471957
64242652
22501877
46429537
63479611
17710105
31396148
13364997
40899957
32095891
49689320
21210310
87780214
80697833
48059242
38999279
81743855
49323709
93557028
69200326
50196799
98224515
88189079
65079777
55193286
13953771
55820791
35405729
54800087
27363689
64321011
94475344
95396684
20134365
56163859
79857747
41109299
25883236
64257467
13575692
80740901
74798267
18965964
85679950
89718071
79064778
37949290
65893373
88975498
49143509
90162392
84121282
37808766
53784378
98813054
30761577
75324675
87410024
89011469
18073559
80244751
25251165
99761465
42719019
63595180
85705817
15866533
11626863
52990377
18621860
92918749
11622139
23452016
19104249
59273596
56936422
57746168
35851150
74815598
87177130
44659025
13247937
64764240
69248851
76735708
32763872
18682996
19376612
16985885
91633429
50675968
35155782
26564521
66758380
14433389
36195258
57889539
87914958
92910858
92964321
57196237
40607231
58867046
40900698
89680386
99636124
59020258
88386043
43696039
38464347
71406088
96310215
23702581
30736306
22166605
41384991
98796521
93025370
56716518
86752408
93329191
74337526
47152451
20520552
62159756
40340044
42003961
50703759
77226545
17494775
47475488
81817810
39739524
60020711
59877387
50541904
39879189
69057030
83567754
42631445
93498028
68203377
14525286
63344033
98461699
44269323
38273480
26114455
93643906
22555384
91406291
15556497
90220833
21625487
83963567
31768699
37836783
44822833
49044596
36045194
62416425
78654376
10895056
75059227
40285629
13767123
34602076
86821546
77236863
47911722
54259539
35630854
27210944
16505801
88488930
68568178
74267533
87926094
44450624
49281228
26690295
10042677
10974821
54944201
22433626
38218221
56465694
88008093
17945786
98480792
51871680
71572291
95752136
88408160
30074361
57327722
74327045
86371441
69441858
34096252
20259070
91900822
79555184
94637899
37688245
37141620
96335978
57793498
47091872
25739485
57083893
64639430
41933515
77937874
30126507
84982352
36887960
56095128
27951624
97621799
38250229
85279913
54536854
12564944
97576839
72450822
84041000
31669965
99057602
76321018
62144499
70782069
85297284
97763304
40000291
62213079
25835366
14800630
18143541
74462530
47921307
60657781
30758704
80384588
20861863
15226038
92175873
57034681
23529508
10275038
47226484
16625321
56288790
25537739
79247814
93786549
26578233
95907482
65780810
92534533
71727945
30369928
86218607
73676945
79973166
77935686
26054939
97997879
21452464
20106643
57372214
27135757
38990156
63236727
42478364
63445103
12199545
73333294
38337191
67050117
22377705
34367491
80711607
64289054
12429453
44499644
13631813
42213869
52260558
82158453
83383716
91180253
65499958
86898008
58960379
54924666
64725014
92672203
77123732
44877556
45970274
49513673
78120387
93507266
89347881
15192655
31804657
22594787
31364911
20248772
70464959
48218024
38564091
76958700
47147692
29792659
34381294
62737549
24971918
13597873
60247488
10381892
18556438
64225953
67493260
51362264
66137386
31799962
79990332
88807167
39262693
61029060
84838234
56923466
39417397
18376243
13330178
53315629
95755683
51000961
91860344
80676655
37746864
73485830
68666582
15336746
24604122
49360183
90810334
63307840
55377726
98510616
88550254
23231963
24207575
77909599
98529681
19821278
56591332
60629671
90563505
24951405
14618984
49483725
88439787
90083541
75891019
47545067
69723131
18122522
28608414
85393007
26698582
72436892
70954839
33541463
22752613
74077324
89107595
50397457
72257681
37360802
79364310
88224067
69125594
18965253
11254530
80363753
72285760
40148811
30900496
11336943
45035729
10109457
45386241
68850970
27048103
67035044
77509501
73566378
87137720
16350093
33852682
29765823
98078791
69152493
82099138
41596432
39869732
44204964
17143734
94091102
72145728
41070467
16472632
17050371
59191200
43923737
65202738
51096963
52679465
94945337
56208032
94716595
56697636
49013919
94519628
46408685
33815859
70362445
24019538
26375124
60308974
78870039
46877005
22085941
62243871
18664668
35737248
94306825
28819733
69147471
59610135
19038121
45669107
30632935
88738763
92260133
78287336
80175280
55999687
72427859
22262734
50729411
95782682
86212555
58699936
93943745
45207787
67866030
44427223
47535656
67812483
38800249
47332202
66593982
26505191
59693193
86711965
47108340
99316962
48653386
62057199
65015653
45201878
57581788
25275906
97527320
97040273
83608726
18248182
56838462
93683329
87958479
63863540
10559367
55893639
80151112
24173895
18300705
94288612
41907385
72031140
54400334
87323600
85728246
63920778
78142752
88615593
85175870
73565892
29589332
49964488
68198688
47723148
69878729
80774512
14348811
87779018
42264475
15721952
57374704
19175161
70451936
59276552
54672150
26331691
92019838
41802200
91456634
16802979
59103144
47404467
86536928
16280864
87761907
72573058
57063546
35488569
96589209
11562726
78227508
26305251
71286985
61471621
27764378
99281040
56628648
99010181
85135719
89190386
53666024
78703895
71000107
97875038
46069763
47468459
33909015
30466123
58577345
79611752
83628409
90065108
23229408
92331118
14717230
75203885
39401503
49038520
18942363
95094011
61620576
93601503
33083742
55387238
52251549
92339691
74517281
75413974
67591514
31495013
25119967
16559891
24835130
27390202
37326151
80277294
52214600
53692601
19132254
67058120
24199496
65208429
77330938
78353710
57213145
36105139
94667278
56662569
12035685
82322004
26987421
29062109
99997362
55459736
48467905
60334227
32212423
94664801
28718120
55140018
85736568
92100597
91356080
83991568
70891481
68608283
77018326
13811867
63112408
74255727
65419887
94315213
38904227
81398637
60770785
11368978
81639826
62385835
37732773
67441161
35479248
52094880
84793762
61628277
28790252
84874989
35213538
62975094
42184050
28978514
71042325
67920151
10624466
41252307
11188772
18743224
27564087
38139917
48733786
12072379
53145004
59960193
65590589
26465680
80324016
92930840
67316631
80757720
93433052
32825194
59084142
29701410
34644955
36295676
48942892
98257648
20375938
64163846
79747324
44612656
67962794
59685775
89788647
26899720
18006308
79731105
77780923
74679988
56839216
13809047
54860389
21632011
69379591
57419461
49806832
89878377
84903299
53249031
99844850
60044223
72805257
86044839
26997931
70500229
42428759
57150118
66596907
63356347
16419830
65135293
33882897
24695930
71789772
41464846
82812782
94074037
49175886
25245292
38548295
30672145
88931794
57760707
54410553
96964447
34418178
12775462
31262775
21102514
38551149
93230964
90702447
68543266
83049015
83349541
85400779
10159643
58618481
95820854
83086228
70267746
30688131
18253231
95837104
17259942
38306758
65708238
86345356
92631743
25661358
38778962
81920277
58106532
19548645
32539743
75243343
54035570
47441062
17346921
12370823
15193048
46024915
73156600
44809319
61256251
87492624
44319007
13348562
10886013
56275670
84108000
34178513
76715368
83838843
29434605
49120936
48189635
49802969
64587015
44117269
31701767
47993630
32436104
69412900
20296364
11618352
47278460
53603378
17796764
14161722
39222889
12787836
41400393
92556248
94517679
71976162
31054426
44805979
27135626
26793918
25633408
25457977
88965979
37741799
38816020
98827305
70796948
54746185
35373797
42059780
69520907
67981212
91502277
67916036
62278914
46294764
75411288
11933401
35381443
62383062
56536219
71253413
68086084
32453175
99035321
37105641
53143639
40644859
78762993
33106163
80187006
32762643
26004022
69400533
85606598
64239471
82001867
60227455
78589402
20213797
27343525
34982646
33394610
55397051
40318702
84647219
47430376
30117905
74555814
37577242
20314923
75790062
94074980
82252693
73280716
27903163
50180045
43764470
41458019
73181112
62297349
54620539
29689112
44308999
26362898
14607049
77987456
54727988
83047547
83100027
59461325
67542671
67553193
62632588
77819763
93559338
28238283
16810534
17662863
99322492
13440969
87227544
52199797
41310376
82464738
68716903
21524823
46292708
22482555
47585729
41197063
16018042
14852349
10549067
19953255
93240754
99064506
64192203
82806429
78378800
39410193
44270567
20958712
75248366
24612507
86384989
97555368
90246023
80311769
38150328
91678671
79680351
58624586
36964382
31970455
16537338
27586739
57229569
40973227
14435550
28881139
89606159
46467456
38812916
38743336
86619559
80285255
72681106
96255218
70166392
20669094
17278927
45111096
97497500
11256571
69124774
91821183
89117171
14311851
44610399
47359934
63378323
45088674
26549423
38562910
72605921
74828746
51392241
81085433
88737353
44576729
31684656
11831983
93690257
19297587
16513857
39079590
38891467
96943356
37427469
89725986
13025637
46535998
74768493
93105597
95463386
34070708
60181038
24337091
40590347
21976497
95661747
27047212
64489768
73671088
31430586
96872759
26199112
20992633
54719129
10603372
96421084
92641276
20434481
58493805
75176762
95294905
89851011
37607020
32984577
45823662
97516653
20656399
16996698
28439277
31969407
24097175
64428990
27008500
18817868
18098554
22794584
91395155
81213566
94364368
35347515
39913042
29291193
17533607
38915527
13338720
93818123
13765340
38398347
41274852
48610774
95431991
52820276
47844657
27219541
29801010
80802095
37641753
92347468
22393175
55963235
51341337
72513232
34464455
16815748
45279281
96737840
60143318
53834390
33927639
32221951
26429140
68176767
98401793
85371967
92928615
36323526
74106720
46457132
66658708
32620910
68372525
94220066
44778972
67041513
49577243
72195627
12741891
89867451
79832300
41336873
69204716
73317164
94600224
41731100
78122143
37629481
58073672
18154769
49638253
85336761
48197368
43168296
19640235
82705303
88882266
17361984
70152217
17131120
45457248
11995713
43705959
36852026
37092881
42862853
68145357
62403246
89795589
84149988
78420184
30991076
13550700
20102106
29866565
58483338
53214536
77473623
91898246
66309569
57222203
32686372
50028385
18107413
89269498
61701741
21944888
31445526
66533857
61891183
48409443
52549143
24679201
43988287
52727865
10916995
40582932
20181940
10176302
65074135
64029361
54457970
99864854
43726271
53042708
48517640
75175761
48250068
68302453
61343838
86138080
27712782
45293723
42555992
46462974
35050530
58474561
10064480
89941266
98869786
36008960
15906024
43518226
52262376
44471833
20531055
25914588
44141370
78091489
33438519
76960229
15328073
76103457
63132897
26628222
28416521
53343704
47061204
50017288
61134185
47653771
89609370
86162759
41817516
93440884
68548937
27379507
89965465
81671174
76544926
75599880
36415527
52513740
94640178
17047418
50707396
63029485
49109595
48679046
87536962
64787152
67639970
64866788
26684127
82786524
37715164
82010735
74930136
92266471
98792744
21707688
56646386
49924739
44859880
24690267
51942001
13852649
57862799
15464269
47530416
92070040
42246066
58791245
61019547
28968756
44141459
28873982
29325450
27464537
16279539
89624742
94852805
65095407
98544249
88583342
42725855
46957049
11485862
68380534
62223150
75310199
34013417
44927152
71439444
30421665
65384100
89874014
84500533
98242838
16760712
93860800
61060918
39873421
91767260
96191567
90617879
12867748
54513517
88843499
99162580
38012562
73587828
62761776
32169734
14870235
41911677
52372239
86422078
27315414
63798908
65969713
14773110
75131261
21397398
79374139
16311046
56363071
16151128
53278184
20038462
15051689
96371097
90856258
13090966
67156529
47453947
23926397
86852605
15207696
47743728
76239949
96902425
51737881
57497392
41666400
63426377
59022185
40299211
92376636
25070125
79688552
69661982
27401449
27896058
86897203
68424404
25607140
65130798
46114145
71264123
57433132
27930289
32748897
48233668
32372089
98826151
30252927
19463639
83454732
10868949
43784709
53760465
24528545
73870381
64355582
53970651
73289474
32387191
24747926
57668712
59870390
33404958
60406045
60950486
99586581
27944618
19400434
48649855
74000868
11896924
43892995
87630435
82158035
23373244
57192826
43373361
81433918
37278779
90237143
80403137
52789734
78581345
37852181
64730690
37766280
21941572
32501616
83678490
48203687
69524281
79101807
49173534
55599743
33145866
72797631
16165760
97871519
86250473
59230748
25436118
64192813
40802066
38414056
51642179
82834509
91268476
86003806
78363716
83881373
25774907
79351520
91800345
79768792
28037237
36143980
84800845
97895066
73574782
76397101
75112164
88823234
52997011
88707886
75407393
72245747
45130032
45838193
58643253
51384078
60008190
75546359
53496634
49721277
62511029
46352698
94628057
77203304
57504340
54884607
98602604
62277036
47691024
61812989
57590880
62697194
61841986
45536537
93586591
60646334
40448523
79077770
12868041
57627060
70893210
47386589
49664145
64189848
22712475
32631442
98339893
37578345
33746877
43132004
92538263
60034540
12791517
94649766
49374461
60717916
21769684
94331977
18095074
30871614
61177178
20026490
21779318
33171667
24678165
60411624
28241721
46090151
75964482
27421219
58425647
59996615
54828159
20543392
75166017
20966288
60532697
97794480
43852577
37417626
62576913
84567606
50159602
45725168
60886965
75838267
66776062
67378233
26998494
56731953
13444764
14854187
79462260
66515468
72679532
36007353
92039649
18791148
70112829
70171441
72842394
18688682
70622273
96634529
48841428
61019284
79114346
91822254
98268501
94705131
80141442
94960165
60766125
98050902
85235361
18507147
60331368
75419923
92434294
89825315
95275500
99528392
24095799
20376182
11979384
53276835
13448713
38283308
87414673
24589232
36330840
51199710
64266273
87229911
68567747
77680605
38266281
40480760
83804469
10239352
82280074
69844842
82666755
25348624
94967587
33789260
57084759
28177502
70420737
20514684
24767303
18736563
85728362
43782150
49298747
71364807
13021729
69853740
13870617
78424912
83663036
28646989
32708721
14726323
46870642
32957523
55556238
55779986
95016556
42182979
60714054
19303440
53316978
95168712
79546412
31693341
47126364
33894732
92591867
22056733
13984721
42661552
64647955
68814073
28228248
95344027
71219958
66448393
13683279
35323393
87142717
83393629
19798858
12646908
49234854
86041238
43076066
74195305
44441861
64201048
92366474
44871343
78843102
39340015
86417696
27709900
28321959
22309451
49403511
96693621
77701454
54634439
84986241
74374894
62177271
79971467
90186585
90850973
63630949
11469667
82778316
94781058
78560809
82901519
58101083
94539020
30519413
41135527
25425374
87803032
65587855
35313705
19945925
72197511
30537313
90023201
27762938
11200122
69195053
36833139
89698733
41370973
96319176
79642883
95412077
14314232
61331859
11876672
47248567
25303857
64643135
73831279
35352858
28167543
99924331
82406330
70954230
58938897
49669397
57186808
85229355
18778136
72802357
39690465
41533910
60615284
24724559
84509115
66318073
37401656
15873009
50994101
43592655
29737352
94443993
34062179
22073665
12939173
70450995
82800471
37421425
98455831
18639231
71297240
37109238
75216017
22452034
99834267
93424340
97316146
95012858
40439921
19637578
68260836
56065419
76115265
68701982
59925059
85341794
97075151
11735694
61788679
63134882
84459176
64500924
87003814
52404517
64893204
81737269
36497814
58999568
18838952
65116447
14806832
28189714
20869496
37723007
38214704
40608569
94673129
77415333
66553305
52523249
82123299
81403316
89411894
32290585
38488358
16844754
48692858
41705027
73180404
96098408
36958857
61850888
94972012
43636118
79397392
40495494
63152311
23146679
65749967
11803640
39085659
21510156
18885495
91253360
47440749
37512455
54132909
90284851
36935139
32582582
18282798
57805745
15014536
69228106
48479886
99575967
29906696
68559684
56529817
88160563
86751403
90961723
73580762
32050207
74929100
59512889
72588251
38542445
23611678
57236031
95844769
20950926
13358992
51982966
21020999
54363543
69204098
57068868
76660751
49030589
42476374
14968847
83966689
69849472
63213648
15080753
25025516
85418408
68709186
92759813
78281144
59014138
27723615
99792399
73658820
50603664
23035207
26211447
19738491
90182495
46215116
86328353
58978500
24793441
43297874
72257130
16343864
25413859
21545680
95748096
38919023
97178349
61771763
55301598
60024179
52791881
67317217
52115811
58519510
41333042
50778522
58191840
53826714
41511419
84234968
35217120
71392920
99737309
30299950
27440291
95637082
39847178
22643203
12109745
71277359
83245101
19443351
41169695
36183357
73454971
86090632
93617530
24487026
85318915
88889754
96407717
21295688
25835722
67897750
23709382
16542113
90156390
60664335
74039443
19187818
48381175
71263127
10402847
19878955
59380669
37484492
25336049
55566413
42873014
78677938
75012581
24588405
35254186
32942360
80162889
81847134
64493720
73641247
86898464
90138580
37487590
13046015
13407734
96725324
99496073
44919272
74894483
70452622
22511498
86961113
18851469
49113281
75474736
89300287
37497047
39992839
26327018
44173348
92951293
14237157
69403255
75918277
35176445
73411700
90217979
67249783
70916796
83719595
46059042
87294547
80845184
47943263
26817725
63874982
12881206
36765084
17311559
84627269
43477048
51522213
78675915
74400438
78623297
98289769
22825586
44883311
15992329
88735253
68678701
20664118
66286466
28903491
58841211
73894695
88586669
75712336
65185111
17409748
86297881
92441163
68503106
26347910
68437241
18726792
77755624
91248034
48494433
20307029
13706791
99051805
69492164
77844583
94186836
41760558
24705575
82534847
17957479
73553378
40614298
12487942
92079359
26840334
59519674
30671914
89358627
56138731
78587636
58953057
78536155
60175371
80826553
94657916
87483382
17958219
34261437
27488002
67573861
25069820
26911297
30032277
64755226
50547950
76202571
13619118
60415322
11207764
52325790
24541011
88183049
35132476
79902334
41131104
64328130
41155319
48218652
96679117
19781836
83662897
72466535
31690998
48019836
78164120
66929931
33975724
43868784
35013352
90023960
92778069
47378035
67828421
22541607
87010986
24238312
36440346
93460917
78150146
46034584
77052049
38192253
47063930
43155541
24347722
41873438
63291095
76549366
40368101
48788902
64731724
95390840
97462528
54555785
48319231
43986111
50267213
36264623
82403894
29820154
89098574
70004900
88248862
38404900
97711792
36109811
79849016
44466470
43266497
25596556
61578848
73699353
53319568
87733090
26949372
52636586
24559904
13524370
60771261
58038551
22053448
10417981
87088277
84076502
14952490
20070134
21113397
86803028
99438158
54698583
36265793
51675610
92658266
51058350
45858579
80144652
91196400
48869077
45262633
15523212
51481380
11685407
56538540
73484219
48137112
82178798
38728222
89119263
69387830
36899042
19723551
50911584
97991178
90439340
15313883
82362861
87270458
27928192
17334291
48047676
94532898
75563177
43377607
98827566
24913296
50380726
19594365
48283536
73022233
94501714
97483697
57842750
94554518
85223474
72887002
33185762
40211135
79890983
83705620
68105050
82610146
35739347
74438254
13173048
79982271
80755448
16940626
54630627
93621379
88638316
35943437
69467738
65527519
47907369
26223739
75106629
65817217
52742736
94182932
23214271
18219630
36771973
51994848
23876075
85341063
25602013
10584561
14346135
90723215
17288466
52219646
79615605
17525544
90820385
69645697
83118075
35682725
33793455
67562714
25231834
53328509
17804438
29370771
62194328
61317594
11041809
77716414
69395148
63979217
84097792
65601019
54963574
74667949
82278487
59975446
41294968
28574692
98096553
55095605
16195755
20648013
85323438
87694917
97409317
78727210
19973791
58359890
36342710
54867237
55825400
30230802
80822135
50879779
58203594
63736161
24281410
86714941
15988931
31860218
51313388
46880000
95184297
28984529
64657426
49499101
93517572
88454161
49812876
78761908
63699033
31778989
19320063
89084535
61685264
60274341
59952399
95907447
28596439
48171185
70403303
71248223
79420543
35987358
95068584
22044388
86395981
41457379
87106227
61993931
66396322
92298133
39734852
55176452
78613350
39434787
58249418
27804622
48788872
96288452
51571696
80845561
23704595
45298575
78123334
79321031
18440426
24732713
65901713
74453228
77215392
70319768
56136235
87185973
89326582
57742390
95983128
40134853
70921330
40773415
92375033
63476625
86134978
92282605
43899080
98683746
17811666
84654872
83609395
78228430
19979217
49796115
66758523
49619550
11410925
68461047
86275687
34657975
17204054
35469283
12603711
80757232
11256485
26006986
18399876
65980776
30521296
58004066
53147747
61609422
15645043
43507377
26937379
80894828
36496203
38755978
96129363
27504809
58657414
66075750
90230256
74875724
25223560
50134137
34445425
21309856
71665860
78779760
40663165
51758018
32414144
22514890
93263293
64092295
36187450
53689808
47765195
96389388
47154025
80993202
53672009
84215899
19357532
64740416
79762191
74892598
49819647
77304641
33840380
29459332
90262973
66544372
91550317
50743893
82872767
39460257
72396236
11293716
94103505
80888922
66729920
54648392
92703590
34626643
37540354
16409350
68168242
96751579
80894032
64602615
17612021
24132086
41266938
52849794
71990616
48224153
25437977
62068246
19012976
38176386
16651231
79397013
79309791
75872049
67184266
70970336
42538521
55102598
23593843
93622523
92893508
26564728
41158979
10335965
43737529
19285615
46250436
60462423
86567080
78909504
95701973
67466782
89900376
42185720
57619319
63219339
42279953
68523398
89726846
55916159
63039071
47732994
26968210
40537105
82739058
93088522
41353312
77117949
71831230
50101225
83654795
49194048
86595487
90680906
42944885
95887774
65926195
44795565
26382144
23369170
81717024
24439541
64578677
35792042
28852552
14122094
51220377
31051004
14057368
83307362
29086867
47988077
76865767
44159534
51984632
48733322
29284785
60187722
16446541
66112219
88720691
62087159
39290473
18917794
23401625
12919044
13803001
11741745
70728143
72532668
83441949
22571493
43651444
72007407
98740144
93718082
98202605
35365403
91012518
28058924
97575190
79685687
73077262
54322240
44827282
73324445
77895990
69970125
87432771
31643410
39659629
24896115
33572693
58797939
13525091
22618198
34520821
12027437
89128062
84255648
81129144
88373989
16247318
62907777
32805359
25194526
79386093
22292147
67313110
35409528
37350209
32492145
76575316
32119532
15384841
85735187
77089904
46669072
23769605
55655339
74853826
81899800
19615315
47069235
26613842
64520333
73401505
79003476
81583903
62666669
97704317
99581269
50395707
47605600
91294281
74158878
31486867
24253266
54054986
53876328
73397581
29873201
