70913510
99877160
44561475
24781885
95487550
93911175
40839588
91881421
24934536
46692542
47018506
31721502
26542022
48298305
13614634
16870076
82478522
55140882
87121988
81511301
28852041
30534779
36519001
90332156
35902970
26644199
96997242
85953708
73694365
18597982
56687548
89113142
54294792
80070556
88218312
14538234
13591805
55350604
15508111
10088158
67148327
61176166
57191322
35009982
92628803
10201762
37094911
95010928
54710364
93826711
90700911
20735730
73254703
65210229
99844205
35508019
88330925
40205531
69786009
34084730
31659038
49394902
79775735
47587938
47840375
24797563
38866916
13850706
48262288
66147260
91274072
38607430
97448715
11731496
12520880
26229350
22196119
35783546
76088550
29372750
62654155
52816359
52318717
41502423
47943653
26561996
65228112
28664918
98164377
83577902
57534368
32082908
22023102
10623062
69038799
94272351
71516721
28914531
47384870
45013232
95519918
58554056
71467968
23290651
19671058
25824306
49559650
52594743
77978062
87438781
99686988
29306714
77751705
20594009
51081590
59355781
29051210
63890540
12499198
74517371
61854025
45782211
57814075
32923931
51898952
63872567
74454138
27468949
29794259
36060899
15975277
26916181
48296594
60919195
75715731
21372975
51626987
34088681
39747234
73352031
22024004
63313187
15032480
47845819
34788454
60600741
66525458
51259639
50582781
67213489
17872203
53721364
68520123
28991967
58777317
34798439
24799773
63887810
38601678
47032642
81948230
34526489
85633018
66322951
21878191
60737078
63811123
20100096
85541712
94639645
36348066
77210591
38669288
68456611
52917889
27380167
17235897
96651086
49736305
14741069
19498424
51435141
68037167
19237509
95715841
29299614
23146168
25939680
11960301
87306463
12624671
65041368
38313573
93438476
59499535
30269192
52387794
70858133
79120618
93809258
39555723
74594548
19749935
40627813
64730271
97940258
10749829
85369984
27802269
64692119
60170288
61417344
12589583
38509577
37971922
36865077
94397438
50734357
36181812
27718347
55909060
15651527
16111949
29350148
59184465
68967181
20748224
92081102
72526731
90929103
63168909
20009444
31904139
49425644
19213257
18489626
85297886
86827625
36608496
54760662
70853344
87068089
90504631
53335485
32897180
41626144
21776260
79545165
57908879
25933208
49462501
98752924
68550696
76824404
47002887
78868169
70021809
93748175
85388424
15050000
50252957
59543446
71495314
90970425
35326515
29147987
72593814
51356239
16969181
22447319
74660648
97550312
95895183
34437562
75936631
88851107
20133074
12267802
67983591
13154609
49813484
88366975
86325965
42685321
80123182
42127711
24152383
36199130
11633469
81613237
46921839
16138030
82790891
90799959
44621011
81848081
77751537
60046596
22184437
23488345
10826118
83270660
49868670
77571127
48811323
19952523
35731500
31208384
98525751
59290835
35520354
34604696
22522653
47586004
17416025
47508413
73237002
86549155
82020468
59517422
35478714
76939698
20909622
94760138
64206957
55171389
50800024
27311896
72642809
39821599
88797272
97662790
74817798
19994388
60416228
49296094
99571276
18902522
38219102
54119311
89143770
29856357
91065031
11294998
39392590
71919951
53815088
96206828
59465504
35346283
89683563
96267292
67532309
87139178
13471610
41121787
32345580
17283659
57793425
39324494
78233724
53617347
90679471
81253706
73225799
90971918
83236433
22542495
42621702
84240912
80439229
82160910
22855437
84995247
69567173
42506574
80553986
76805419
34313510
12214517
83341470
69519857
24879349
75412784
41308384
81796623
41692782
73449294
63732112
66340142
68963595
56657103
60632658
36725917
71454873
66976934
70618357
36868984
72769279
82511883
52971504
39236602
57330664
60294973
69529638
66960047
57023917
84986293
76262068
31786106
28182224
85591670
75334037
87448064
65143396
97704832
57053605
91423531
76186965
86654175
30852973
26602200
44498051
97035537
24873850
16663783
89884843
97312988
94732511
13205342
55338240
11918310
76109451
70516656
57064510
43082976
69307584
39974212
53632636
79891615
54826325
25206510
98423803
55951720
10616970
59829332
51284830
63040948
34691011
11330814
84558406
69673635
46017092
47332493
78121253
62872630
82713793
91848713
95148445
27335282
77684901
12024408
21682747
40588149
23945958
93854181
17454045
85939768
26095539
53753225
28438146
78802077
81477019
62330317
77762279
65945221
98564016
14183502
30855360
99072510
97855446
34838713
91652884
55533978
26999853
23483382
43583029
37803099
50293400
59042018
29632219
40921674
32312298
34097076
91772509
13243302
91897773
42538625
92940555
80295738
17004558
99810906
70634154
41464392
27701992
76467475
65457293
45191585
42126443
61726367
63806156
93334486
54068201
27077527
22245412
20684424
87738713
65385963
26391388
53667928
96508877
21403053
39378315
92708969
90299587
84123496
25329302
55528616
38741112
32697366
28834624
22310712
14184866
78065329
32480983
30891549
80029584
77765801
71978043
74815093
53953196
86524430
27935530
28139330
87504870
96460564
96633790
95762010
71658393
43258495
21987059
25319727
76927272
94474427
95318870
23417385
47094323
16503816
33459149
56344367
77810293
25447890
35595261
88651717
69415869
87835678
85081435
23468751
15096326
96321569
48691923
33246708
48119605
64016619
47919758
58943390
92098288
98524608
93581028
77138461
20447638
71388167
91492446
70737131
28114654
62605660
15319398
60769162
72144655
64477504
69959949
60044810
89272409
48914672
88412537
10266151
68173647
46821203
22238826
74945295
79159298
69577612
91235943
71733696
12062267
72325552
40486153
81729552
80797012
35767825
24456035
67998406
88414003
70148409
83302284
67319270
55896804
83776499
95715916
99995275
36535122
91799938
69105247
95753708
98058146
98945781
78021352
62905344
72072237
94741522
39803893
67465918
14565911
32891759
57925163
78667262
26067728
99012385
35466126
84611963
30994599
76183691
12125167
12303098
10611142
14259672
66000371
89354371
74297166
49815939
57362107
41813070
66382032
42485523
45973813
52444602
40566884
37053413
18106111
22458870
45853738
72117537
23548915
72974146
36545371
89841103
70269139
26398288
62937355
49171458
57724050
74057540
60058877
74502706
38580797
70632667
52316578
15262248
24516740
15531431
94159664
35241234
93778793
38775288
31815644
71632566
98573444
18992599
84038067
54066371
15355504
75081388
34964250
99350723
53136470
15039871
86323424
83517357
68423188
19783421
49460760
39196553
97168719
58874474
50625033
78008063
32669070
91883164
61479405
36263734
79072694
45179678
57354914
44513033
78609837
57525962
99849647
22106944
80009000
21582101
12947441
67950789
10825426
23750845
57829011
93085016
49148732
88762896
49534496
23705795
64730812
78647078
69882598
56858239
62539650
87363862
40087275
64599479
78157063
41112699
86873491
94815660
89120696
88066768
50980882
15346670
83387715
73830876
24216848
96648648
34567645
95715381
91817703
95157926
30704850
17746461
62618290
86397825
21605627
70208557
79434925
67429659
13309552
31460766
32351705
63823067
74561204
70280058
88982072
42616935
41142472
84234658
88150253
98625496
31176432
61347657
79906462
26366901
17739469
14076532
50523318
53949472
91326576
86637237
62196713
80474054
36864617
90253552
77755204
67249009
81935854
69518011
89506287
17476154
42504485
32023007
92430339
25765468
73325454
54738428
94205058
61840037
39064976
21184072
89599351
68934789
19916830
70760952
91089579
13741769
24939398
43246647
87869441
90679265
43076310
58992083
57376495
19197917
86594283
64802679
17275801
85195511
35475351
26346899
23792395
47483977
41357166
58755544
50080531
84066335
71398190
64018271
52284089
77842535
79200584
96710889
20537949
96985029
89737743
65273665
67178219
48943043
51137148
10196798
98076220
99526950
96112284
80146917
16359948
75329883
56199318
98119339
57137044
52859792
73296349
49961303
86074308
23223392
67958126
70438278
88407839
25124774
75478342
47362632
71397682
77867507
96868964
89687016
76322994
29906550
53739977
77320497
47627939
22041196
70619133
39447793
80503924
45959566
43052437
97959685
31082848
99500910
52756937
88897090
51042546
26371885
72973293
14606019
65975577
62856781
64993337
48736012
43157596
44091328
72302732
98009559
22733994
46716683
28029833
96687367
67744949
69647570
63624315
29201006
77171366
20128726
13807559
42512916
44710900
90541278
43018654
25592250
74939431
68052684
62504975
61956364
10048183
49895002
91900215
88857698
42662419
55533558
16700435
43191347
92312765
49137720
12513398
59603095
20195346
70739452
34300182
68671478
67406375
73749025
46754496
77931986
18044240
90582749
29436460
97806767
71955002
48505146
91240683
73626907
54832568
59614384
20325469
86567963
20273504
21421183
16059966
75342265
33409259
42603393
33554542
65336720
39188973
29883126
70322709
31636101
79759897
18816068
68131704
26921541
91182962
19598203
94218691
70318412
30108708
50704675
87906297
83288068
88384509
56653359
43764725
51576325
18568331
47107725
27954971
79300603
39655506
82376031
93386785
41440806
98621891
58392691
51881978
23257011
27223374
84698696
11833318
52759671
67324952
82142527
83339058
35507866
56135153
34531329
29811648
47328562
38510758
89104886
35218427
96890158
95617779
78708207
76487110
32112761
96382717
81144581
54226971
98411262
47226171
73530056
11051103
87790454
21468573
62469599
31260357
79636770
78940954
42220839
21369751
42175105
17548773
80003099
39222737
33212357
37394651
48540522
87208628
27176969
76287532
87566822
83840486
89930354
90623274
73984172
49146051
73300044
32693112
28640863
10441945
38953175
13566505
21644447
40654533
62260631
64047620
49606464
58316738
93523440
33919368
36595133
46720284
59300969
86664481
99776199
26369059
91188217
22506338
34276347
20999277
26471909
76540737
45420582
42274751
83697894
73419379
64297723
23623225
97873656
87180659
28355953
45365039
40689474
69906210
95748535
26439449
70042653
81359625
16561749
23067680
35656386
48771514
48346977
19850200
59803797
84807636
36536026
81390093
45556616
47074084
49691556
24379446
85433133
36605672
26596000
53412103
75730396
39700912
58479975
10736034
98920445
31622692
25496813
91445875
18024012
95903499
34023423
12128038
99973132
25708410
42485427
72335403
73332170
19991338
11203807
48093329
29581262
58773009
66709791
65272266
27111582
50382552
64251722
26240052
54831297
21929204
73686151
30947011
81237406
39363811
38584312
23479245
38809986
17857925
62884627
88225778
62577728
69064597
11580306
65594278
26075378
12192322
84020097
22788957
95524446
31830766
45180276
53671121
20761332
71706075
80398451
25560820
52768876
50643566
62807532
17442349
90814902
47516738
36570574
56006496
42325700
36870142
13212124
81092547
35223210
97632167
21511410
82929953
10003094
84284063
87144515
12081420
10136333
37954201
52457984
51505756
77069771
93223978
33686720
35141958
13611319
61417931
55136051
72694244
28814921
17235730
76482426
60831293
37688625
28991260
51358941
57533048
91659805
98151717
45253803
69196071
10443029
93819032
85276880
28933855
49481206
84608015
53644376
25704560
15467551
69295669
12521178
42625777
46867027
31532766
87028068
42191690
22192709
45286657
36223858
91922497
64474836
23950676
73776765
64237216
71005173
73056771
58287402
68902149
39264687
88039052
67344803
80100159
94097210
18835331
70045950
37785179
53986539
40790969
86129683
68396384
38822962
24492343
86686932
78622705
36666809
79443553
20675847
67177899
55378140
83601350
66374742
59414488
55663108
82039631
87809295
12020872
13703769
66198663
34961009
83049365
30962561
75301729
66609140
61886181
10337331
81268443
39273159
24253467
16850459
44989782
59449384
92346515
94236560
20292494
28299848
24313774
69821109
69836132
85867596
58789245
84804249
53363798
89256307
63067278
70419400
37325080
98633280
91709161
12290307
39530510
38446020
29954657
20377445
14192392
33972066
82501507
19997388
87333210
43289962
97838081
42918007
56722028
50476103
20486294
55340391
49353460
61725153
56355280
38335688
36554157
93646125
96915193
91987775
44305174
14859963
47569836
14695921
88984201
84698482
26772512
46819560
17055631
57745820
14636107
26863047
64018925
90355456
68735732
61951984
32394624
78565207
29865932
24583601
60567847
68031039
80622950
30383765
23166819
99725102
36032456
17193638
76121967
30256102
80192715
31910052
85025015
31615927
76150808
57808995
23081830
30091627
57170130
70734142
44492636
65119441
24978642
41980859
86664895
64266217
50654477
11435709
57864937
44320041
10925970
48789984
98890090
13053744
42073845
21159521
39816946
86315701
49408922
19394109
35524894
95731281
26084980
37431870
86762540
67301144
10648459
22267107
47628579
13007654
89661123
70640106
75882079
72501340
92996723
91640298
21541821
20369993
79404324
28737024
89398239
50578085
77548904
86729121
97908636
88904311
31599572
60691727
55798535
80045526
82019099
25910119
43761306
91279692
30804040
77861590
37613824
83791190
84781847
97644780
84180220
90336648
31157873
33730185
33613561
14264781
52249859
89066100
34188974
85252044
28095610
43446538
94954983
92549853
31566483
42801289
62204509
72809350
49962800
28992482
37989519
91069502
42724337
62487567
84584800
12406260
92557699
68362150
19826613
36767386
19152006
66062762
31334939
53874973
68406909
94924690
99442184
49779070
90599391
61499122
35105850
97146130
23258826
52097864
31385660
22416594
50797399
99058662
65807623
26080352
63980168
35753541
96068375
67651422
78276399
69100849
57123405
65547143
56734739
63581210
74257448
74762549
85949026
38247173
57423258
75654538
87176095
68822002
58319994
40375983
67159100
25096247
90969920
86725892
52761572
14421129
51332701
30532594
76910181
57782810
50018485
65282012
42914617
26568540
43079354
71931443
10883120
77699171
61550886
81446696
65534779
19629928
73938772
62127357
54134103
30711657
43156540
45891189
11248659
96863470
29121033
25251690
87483840
98547559
96622809
56499709
64158133
68142898
90859280
50294759
56422716
65857080
48337625
47641070
33532701
53959095
45372731
73901044
42723524
15313818
52729939
86907946
15649681
89568260
49208756
77074913
27258684
78269291
89455448
46750977
55311203
45733729
84770753
17822482
14447538
28066671
83574064
31720440
61121582
38496026
23326977
32765500
12091294
38746759
85856161
69007748
51051798
92871994
98024494
12314405
30021153
34461178
77204265
72580431
86915466
94625233
19009498
17811303
56371248
70548545
29623538
28686979
82094127
57680436
56096172
82026183
73698417
76610842
85015737
28709956
12166565
25707586
15775859
75696447
60440362
84770913
64917986
58667673
38104778
95237670
65702985
21816698
24662823
19949564
78680669
85284762
51560884
44012379
75980049
24854444
67503322
92481739
70947468
44135655
88057402
58290679
48328508
20116530
62116754
35551850
77983748
56019947
20385465
80223464
10936337
73424723
53952708
54950251
88754890
45954330
51325131
46382521
80581379
57193286
49630366
70948503
90367284
15459216
66280524
45938020
24378013
58390798
97461451
59744788
77848578
30188393
81384094
62190662
21570214
12848246
50610164
35927454
54466966
56695095
40469256
21994138
46353935
53063163
77151766
77377026
84363917
80292128
39857145
70383230
13274225
71280121
66311526
58020033
16822989
40838346
93896255
58374755
76930128
74770928
15476885
77392973
32826825
12544798
91991229
84133837
66869721
37982274
62179725
98687178
64599482
97256709
59042484
27117329
42816037
43394289
25161011
81149517
38405477
16799150
18248700
69867798
24003318
13177957
58926240
71095001
64688838
34099145
82082452
45006071
47213220
49263355
68670715
19841711
67696061
72049768
50307287
44501246
13946264
41107464
75887948
72346058
87636871
38651515
23928523
34121804
58273048
46760048
63466391
19204184
51118804
93632049
71967432
79145774
71256625
67040887
31995211
12731111
28741886
75232889
11464904
50073955
44490665
91913131
71624243
35484134
33740490
46636829
25970874
62990697
81214907
24520352
48184834
64221661
81068852
36377775
65342233
51829014
73616387
79351190
67577045
81263258
76200057
95649373
29252234
56629656
95215505
88387569
52157847
71437558
93458578
30387953
49274824
94221099
60721868
68297265
73409791
25978735
93357558
14470883
76573313
16418357
15726925
67822776
44131860
24932286
34142088
93447115
32813655
87415314
71894614
98588036
68293152
77032808
97134590
54034973
77725620
65941417
48724792
92152818
34012725
97851541
77425448
39465326
56416937
51274499
86219384
85092773
20651170
20052113
95284609
76917674
43066229
14641299
46632095
91470236
79777084
60808459
48600398
36197482
51617064
58093379
66071182
44894753
80312423
69713269
21200402
88171923
10526054
81398669
57965625
39704441
38633549
54843930
47404852
20814106
53616221
72287256
95767087
70872157
94364036
65242587
39376097
64502541
15996145
71523722
53662959
10855430
69469746
44242670
63121006
81169696
61662230
68646040
92839622
49654125
44205781
52746279
46956686
69226734
12362679
22207971
22946098
45888782
49656294
76599748
98043437
61924524
27326852
11041625
65829937
26465714
46281814
41577025
78426411
70461397
78963463
38416730
19746492
82090501
70777900
51742979
42863954
80702976
17389554
97966333
92206819
17347330
14526311
27614442
32041542
20149015
66241761
71496494
15904656
27415567
89719575
84492099
26999828
39345818
53972197
87910366
28499150
85032439
89379372
27016161
45174084
27307468
10719873
35631922
80846023
77562620
66156813
98558418
87814918
75016529
44793320
70105757
24757950
71017157
10532513
63835040
90231821
83037549
76340186
64106130
39807460
93017347
47471504
59430513
42046361
51661838
36159993
35207354
14339100
48569136
60392070
32672709
78225474
78502156
91895688
21641402
43758397
95188306
69720431
56075188
31593517
18823016
39544688
76870351
44897334
39700792
84070995
11631502
43067055
51761076
14051660
21564855
42279060
30081995
90228161
34899511
53741977
41470944
62990198
74062132
59901289
26204754
66708987
14782123
81753898
70203425
63469965
83175051
51721323
81909486
87037359
46792184
92017070
70079126
93361678
36306799
32212344
94066841
36106216
16540558
51418270
76773510
89064933
76152974
44891617
37934917
87024462
11152479
52452284
41787290
61480034
10506106
38806861
99628870
32338390
84698066
15318109
40738764
72964077
31921000
77460750
52204625
71071998
61642528
81124252
76861641
91158627
16179423
31721022
17574785
54966893
27988397
92845131
72457427
99105797
37890856
12928582
98879789
15441500
35121527
96023963
67428292
88657340
95677494
37215941
78679441
55640825
81415036
53912848
46924396
16733062
31259525
81519096
32349635
26652835
35454593
64208689
13881335
16433972
75954680
37541184
95502675
87783469
23625688
84669126
54028586
68668444
50285533
17984395
30256155
42691611
59354395
23359907
34411933
97819371
97427636
56086448
39268195
55173744
47326268
19376413
47714771
79458948
97196425
94634303
88147757
22083652
86935095
33063596
95688038
33673973
35041605
54296370
53473299
82575378
62356828
31044091
44053377
98042928
60633787
62784737
89334555
25000063
46668947
30346272
84326430
17498935
48373254
13204309
68304941
69907380
89565204
30816596
84719552
85986471
19099000
21564640
35300831
13251474
45560315
62275836
79917836
54950511
26749172
67547874
56864464
87065201
44834525
90977805
76491489
10311650
65352082
44862833
24087660
52392363
87002280
39351115
56129925
91044722
46009959
23781650
22529065
73965021
72661990
69300621
47657708
97847414
14120002
63189374
22712515
60396455
42107130
28870640
74247140
80763882
10361310
82352902
54215271
21890914
27294035
14089624
12684823
45536227
63281679
60287618
61673218
67146357
91013792
37506899
31499401
14236455
92145247
58681174
58562075
28324389
11781121
71507899
76494361
23851247
87303885
98242151
94357977
69899580
75839317
47537478
85740138
57489100
13265703
20816037
13512919
64524237
28682098
71622018
53547520
43473488
78220265
85619088
96829220
49597116
52445984
89900828
72177918
91429288
14192465
93335269
47398582
13421667
57593014
82060885
96807824
89886397
74482189
98176084
69901253
33782255
94706747
94949959
43635311
66693032
43086605
76742953
56238133
65677209
23670340
56140619
46101955
82257675
23014235
31990388
11483927
33922997
32045540
51934382
28465176
30987376
68357064
72544267
16487482
34079399
80955223
28728471
29877618
56008678
95061590
41489931
48283773
50961795
73413266
36944809
51799170
14377647
61024252
77651047
13676007
94073589
28027900
61355056
67920351
27848814
73729992
49180302
11926711
28705085
28738798
75482380
50768747
65708315
27980035
99714513
10376458
23512538
23743457
35742099
93300715
69004394
56631012
72808985
30379628
93952495
58886526
82896746
17853016
37353598
62830311
97079191
50437858
95182197
28202274
33626958
27529204
84865017
57592586
32445359
10214140
73050617
18238580
51698891
53000354
50204475
87446520
67753626
26077039
51343400
92983429
26330477
63727319
89827903
20886129
79739692
70215380
12361121
57293344
91402936
42835871
78070856
11766480
63093487
89253643
37043032
23142400
70609741
66873598
82524046
97627131
52244527
20728076
96031957
58102533
53539892
73723953
58733815
37527968
11201835
42337915
62651794
61102194
20487391
25671288
24339622
68777429
40424982
37202547
34175539
78317776
30840582
58382975
93980498
15693826
91277181
96646273
58663007
44081994
47549654
68465180
91649923
59809156
72270578
69352650
59764638
90633980
67827904
43311188
30936226
18999997
28010923
59944829
71269647
37500936
65030918
70540768
36325831
89722157
26726924
23889986
22837726
46734963
97393548
72231532
56391793
53950479
13932122
74745227
93529327
96538544
78872506
73383565
89122506
12668869
55024744
59599379
13282248
87194706
91711616
46071294
22343910
21784154
63066875
34327941
37837344
83342730
42004609
22186595
12528695
34296122
31244355
28813614
43952548
34420115
96249847
55802952
55233689
76410956
17910385
72554862
45429552
54431501
99554011
94477491
64468468
54005777
15610357
73699975
85692469
21152027
17103750
29259573
12740571
52633928
95124871
68924182
83261870
89813731
32975094
38979099
93294893
57697941
42890553
50729270
92644027
20822231
82648338
18137961
36586710
31997329
31847217
91514985
49600514
76957027
36290414
32724932
75918897
49049193
73731018
41765812
45093091
23125891
34389672
31752320
39686123
98725599
36275517
48218760
65578047
93816395
46392116
58101223
97612566
66398520
15820326
74632029
33481842
93211613
21524967
51896791
95125838
60218932
65694641
67316464
25759130
67780955
98886256
55594679
76352309
18667038
78444378
61406405
49814946
83953849
52724021
70029102
67104859
65681220
86863618
64239804
17247154
46695759
56160841
66673373
56336250
68818912
20766352
95006122
39425476
88963335
78842085
70544660
50660551
63028512
10623771
84452269
94549977
25638181
66154769
91649296
61175066
75189037
50871213
39629295
36750896
56275077
78036328
99745847
37180716
90970473
16428931
39084130
99524491
24958816
92957400
97886040
33186777
18551729
18920651
70022403
68696177
91360645
95210463
32646111
10311707
45690725
36437784
19403750
92034209
35853903
36349147
74306461
80541750
85162402
67463156
41680250
87445514
63988270
41620308
40276174
64972807
39361072
60309412
87238061
71847494
73755871
46578025
88685990
56823050
37995249
19547205
29570549
41739977
60967952
29132960
94945085
93863763
46897958
75904420
44505061
74617005
91754443
22334306
95712012
40673276
64629961
51376530
59917354
28840477
71818824
95948919
67191876
94763217
53331355
69741025
16800459
59107350
70358565
30841804
99829522
31641233
86028649
72290854
57750763
85109158
44306734
37206062
19183837
11202986
43688011
79246584
71359235
65174192
77806100
54337805
16642948
23054592
58076897
12302255
30222122
62160678
41084599
13595705
22155041
28392230
19980310
15833381
61135311
67862477
72973023
63978024
10682058
67530658
59835103
99129594
27898364
15132156
86228525
15614797
78735789
63643898
85529285
21197328
66645468
18377323
10044226
45189745
21436337
90490478
99938830
54286505
47890353
40683455
50052537
52056982
85710165
85011182
88809279
57893791
58528289
97312771
46510919
99037982
59527480
64589901
87042478
87575234
17045217
25748897
51120040
43752560
97069600
46464693
22593538
45553189
20807975
95467667
55744685
61863732
55054442
81872041
11527083
47086303
55318270
67516687
39314900
31396052
91878783
36450555
60433879
23553900
15843447
55245076
89625213
57211831
39668894
26706553
39495183
20137069
88238792
74448585
24373063
45748542
27351823
45076058
21982075
39714986
72514761
92318436
39100498
45862059
13409683
31491490
75804519
55991433
72978037
57083783
74879998
82475138
66143685
70428019
35955326
88878915
40030522
62616696
82892428
64279282
66629903
98655033
94012358
96327784
86251344
91169519
33517337
36361724
59945157
15341061
83775424
97947515
63034360
38964579
83968346
68657075
39461219
42943689
34556454
83490350
48099771
97708497
58343261
37933820
74483539
62209431
99781291
16213674
35210927
41218164
46180940
32529615
17008422
16811365
77636672
19289412
16444338
31198474
88650154
48714611
12016984
76013515
87297352
62534702
89081877
61608469
53028037
46195086
41211458
44916591
69820082
94553814
74698135
91930628
26103665
89815000
65535718
44404552
37799536
82899045
97554644
33837623
65378801
79066037
54624685
79670305
46840291
13946899
53798798
11518759
63555196
97683662
62790511
49759320
72970593
23377629
80159513
98777189
85014854
11054514
26179606
19498072
98303673
45612860
62667017
12354661
71963529
17497350
97627304
26587609
88459473
10503421
26726232
62473647
75618212
17315663
51922019
77406913
75861974
13673198
22489432
72078620
53183717
38516787
17882624
43662060
63317635
84575520
93412344
96050454
65752129
65527742
67693808
66544473
62613029
46598015
82823643
25395864
42344858
19063968
81965865
37666790
18506834
32393933
35462971
89577204
92833237
55778230
70522346
72337152
59959934
67298718
11057493
48624328
73307423
90793939
62344010
30997513
47724353
57220168
46461405
38176306
40716680
10912592
64893851
30399274
35680053
32831737
64168665
96513083
28270918
27543171
89788837
62058905
43361464
75103356
67883230
10512787
64043884
34177913
58399840
69404373
99858344
87916018
35394135
83390679
16359348
86790075
68107750
60935844
69309083
63317694
44364749
22407222
24186251
62903360
17309728
29603665
40380429
48083297
81988260
92241966
53950629
10551952
55965790
26274578
61489656
66520734
61801911
83236537
71530240
19119973
97434952
70735567
31588842
10660902
68489032
81671575
34801805
77096561
59041167
37711535
15969286
32175421
43485894
13921898
67206388
46790936
89248430
33640925
36837965
41171081
76555766
45444059
19256111
96569896
57478725
44860375
60725629
17389714
91182303
72332960
94341823
87262030
85180887
82144280
86474438
98161870
36950125
34660764
79893187
80262648
44862275
52081309
30495965
35057233
85890378
98452320
40686309
93011144
22490684
11503777
83644738
87559928
53220677
38354540
73211701
93929644
79305856
69969114
60688769
89676588
10698801
19000230
66295569
43864250
47925661
79958488
16254524
10080621
98893844
94336967
83186420
85179812
79387299
82023033
26995745
85201517
28847076
29939794
63371428
44591201
88850836
95056181
30404817
56750230
80453150
10402058
19587242
70960578
77930181
47494137
33901952
48228450
18884125
48590057
83373703
81618793
96177534
12284354
76008758
46233176
28258332
18310303
61588372
39074287
49400474
19889166
80442995
91234420
51308420
42988771
41918013
88047138
78547445
46200678
83419185
20599769
84180742
27479681
85772286
62778957
82879962
81743471
54676056
80582179
13707700
94922673
73456231
21320449
93203969
11032287
82338488
92900649
42249138
58057266
25303144
29864275
36559736
32409275
55477613
63468982
27306655
43859382
41218172
99619622
71742980
38896922
51507415
37490485
22160391
70664259
71945791
52088739
37225922
53941168
56816410
72237446
20918972
77608071
25433934
98961582
13094055
15678287
61256129
84348545
80035780
78243782
56139702
16450698
21417154
48893131
25948268
86829523
76057045
38453610
15291015
35234196
21229261
90312480
46690473
49443137
37605443
88539326
56538153
55755197
31712352
98902259
48745900
50525125
42513714
79436924
49300198
93372954
88886901
70575967
40561671
98097846
11814937
84318617
31532963
52961128
52043431
14663262
88175895
71924064
83735654
55358230
68286842
56999101
79783706
95453047
67051955
10669364
32048877
67524416
54910116
40255322
88770668
46843791
33916804
67956622
91137576
56101343
73559883
17716485
68644733
15445154
45081542
52642291
29111535
55648503
36464586
94729299
26071688
13578629
21081555
67179582
18967427
77912176
83860575
53350953
70533939
81162592
10291913
79648626
16039610
73243068
23137426
97193999
71643117
12605769
27481304
17887692
36656545
94592603
38266443
46456604
50338115
50444077
74739564
67887139
14608067
29617014
17295303
89335040
78115234
74257249
82160534
94918311
28152240
64006641
84979278
69263926
90375792
13621997
69140936
60259197
87465908
41597347
72394367
35861463
90898945
35766934
56605741
70556945
11869764
90775651
10250242
33153434
66387380
34376050
40554963
43275462
31474643
80437720
67575794
79507007
70594450
47027277
67912984
87494664
72798996
28153669
33284863
71553199
93408267
70955309
73749773
16673167
50448575
67666883
92329130
91464127
26444717
24462642
70640027
79702092
97851145
55481094
28380268
42610026
85678647
85023037
19707959
11406773
33312632
75536927
21608918
95494609
32809684
47248759
78699448
11723842
36836984
37697768
41340135
12468301
66476109
59324220
12144915
99613154
88678733
91820613
52687923
40245907
20045173
51087980
86412486
78396195
55148884
34220761
52874804
99580103
84560710
68684476
91156692
24226684
94824122
50644919
18198151
32897028
33530286
31716200
26165633
58781054
30090429
63159446
82785576
73585185
24552014
35191671
40469012
89421461
15165422
41225499
76137271
60398318
75254456
30845817
70978198
94094449
31033364
33348277
35183861
49277360
46723146
61851759
58454714
13605305
95800135
28569275
38236396
54364110
81566220
46183761
20797675
99980657
31656189
30144084
97025844
86330279
20783470
56248975
14633207
48128988
24248950
43440065
32812470
34543905
31004035
14153182
61755090
42428177
90337173
25315521
77569877
48830803
65950483
73763709
97852763
36472379
49103433
58169937
20386974
86984080
90918015
76172829
63131752
26826423
63977121
80813417
45551152
91028354
42303157
49208460
73131464
73493887
56100947
56420118
57464523
60062961
58140450
66950853
67180268
40767740
13094204
58499664
64252796
46649340
88592007
54962128
59760904
15642401
90632268
82838302
80641388
16018297
27035231
22278192
91813792
71665275
80771848
65163922
54015461
98106339
64559886
30810270
47519454
53311027
42501646
54195319
27498019
95652032
83435810
26807530
49967613
52614246
83861296
98164464
99553470
36634075
53943884
31814992
73535547
70168737
97136075
38510561
11951208
60544149
20676325
15901549
76461710
28877989
50843654
68024754
55344811
83028383
95660209
57980930
71931110
43931428
51867921
82418314
74720685
41578043
84983582
64638767
43304557
97051137
76763880
12445716
36803693
41387774
32417284
73646136
72452168
11324180
76984720
21099453
29412741
25007889
32883812
64663619
68684500
19344227
19014102
59421299
68856167
46982635
51998634
44256664
18037867
84449258
33853077
70081383
74567842
83653912
54287340
22116831
90364319
28377171
15555822
97510987
93384221
30027637
21017386
72665445
27348731
92000446
67590158
69473624
41059952
14889742
21694807
62834759
69109754
50514285
29284922
60151599
25819468
59419819
22747396
66903234
30889739
21575539
10653592
13051867
84425024
88789918
11401888
61027380
72624122
82880737
96172353
62130676
28332537
84926634
76064740
80356795
59239757
25329141
65555255
79210009
45625675
49365306
96149037
16233151
41560042
86504726
72288710
73096938
66773866
89515198
77968518
23117674
39373969
97539745
26329607
56544718
14433296
73192346
52292778
20791214
35077765
78489167
55026665
82060821
89870377
36352712
25958280
51726922
84575216
41095274
51156663
30168900
59396738
51328320
95243839
99178088
28891567
76443612
45773082
89247470
43908276
52656612
66571428
67260198
95466835
65386785
39635914
16912474
30991243
12932535
89419217
47011791
54966511
54875841
87948522
37649611
99580592
20064236
32475760
68162012
48736269
86790686
41477094
25612273
24527096
97310050
96057751
75179151
51679123
22169455
98130612
38339191
61260711
71401390
64116117
40740288
33942190
11422825
14954782
97959439
77240202
63306385
65998141
28875253
34014937
69620012
98744335
22762084
51591264
91134809
53874850
89488079
34154532
18802305
49403861
60574558
12241559
82153884
17357020
45697355
55244400
83563805
76817504
29225308
23236243
56059388
15709821
59371568
16441693
71498881
28246521
36041448
76258274
40879154
17059925
15212201
94370698
34242348
55832265
11970458
80919876
91028037
57442268
88624946
86511636
59187893
76337051
47895523
81220065
49137050
77321333
36775156
76084696
98275350
67260598
77469549
91583105
35605011
19567518
48615211
57691100
49436327
49408413
56222867
54772791
18790546
48578094
29458403
43594511
89682660
68732621
41578660
27026080
57911996
24553494
48358460
33796876
39491243
64059132
33567904
91038116
33892278
22388130
26398374
11692373
49204090
45974233
71437176
76943153
97448042
13575607
59511589
65466265
88127284
91515728
50886353
36627333
69954243
59830804
57315696
60337501
33527877
86936769
53352034
92124652
86571923
11038406
28626459
95893337
14719573
97877908
36254694
70856840
97908167
17694896
73564826
26606200
16874498
10547756
79629276
33553568
37249992
92046669
14362213
21545791
68688550
15601051
84654889
41132896
67510330
89441924
29913014
27362430
11835448
47157989
61042771
55420663
30673764
84062073
14653302
44369047
34657365
61591584
67583329
68587101
98653874
93221478
94316604
70798241
71685153
34853021
37818900
14129585
50657044
52785370
77155490
75805399
87622844
87982739
56391710
36229470
20393832
56359173
36453793
31538281
59147987
23018097
54380994
69180318
98717219
32163715
40974960
62579929
52323875
96630852
38764777
13930706
79251582
32621593
84037164
72480205
10997550
77956231
42582561
50737866
45325464
66125770
95784509
60406824
20972213
59766675
51513398
29925851
80358538
54701923
35708706
52021628
65829956
73364786
99273117
45393156
92952572
22393059
26342823
96638037
37361761
60459449
66111191
86577626
50056260
12242314
36070080
78093116
43464272
32418051
61228143
22851773
73986135
84446098
37094160
15501877
92793927
41412596
28468656
93410343
77917499
62979803
77009692
90238208
95184942
43356987
75270249
77460715
69319498
46750513
22743309
69779283
64012511
12766480
67972395
21594358
20318191
72979210
21240172
94094370
77080165
28130040
47355272
70550032
50623846
86038470
75167845
62712282
75378112
26824318
24931286
49791087
34200324
35119263
89965344
76793721
72829546
67124174
82921692
73153784
35710714
40615699
42024613
90398283
68974813
57735043
90989103
51365120
73984216
56784400
30968741
53824542
84833354
72480871
74017149
24462222
78484561
75386602
49915877
97939110
64917133
93973445
62008924
26435027
94688124
33582127
23760734
50138851
65604741
24056255
64040759
43233005
60315536
56540392
59347065
18510557
68395858
40636947
67520137
74201376
18869030
78004951
62210259
63150440
78846359
53842008
56364958
55766300
91194106
26626233
34847993
53959264
18210744
88157631
12479317
88140476
56319530
45403267
14155693
87171691
51097757
73983699
61056735
46821187
51265653
51203239
86807455
19985084
71609325
17928891
61186305
30213278
71111036
39556942
98913715
15393483
39311955
54190069
53349069
10475174
41839363
93161244
71713985
16106143
23448124
21643162
18430317
47786544
81445104
78693583
84262534
31353239
22402335
89457752
84646190
95157323
33793059
59877593
20096345
43727763
81434767
84662426
70518062
17429372
72954950
55429435
52676963
41291347
66163216
69019103
96595088
49634406
28884224
66696792
81015805
13383660
87729321
30653034
99370185
19609739
22213416
32101078
13060917
70095014
41192930
72940983
17984432
95389293
84691755
17546535
33937571
27927001
28793221
52705868
80827413
42012187
89564331
44064427
44030470
99527529
11689211
96683589
94518892
37178490
23703167
84409950
12968391
62585740
55404823
44493657
90584547
78951970
70791492
98663615
47602730
13137484
41477651
10918494
81840035
14425758
10856228
71664011
70817602
92501462
38710031
86547726
23197226
11003664
38154382
93413154
84986205
74212015
73970758
46182529
13367539
59764743
36444483
72974913
98183452
15152920
99750722
14799249
39888730
67245903
75212725
97525010
81468111
22632693
29242594
24926671
84934192
96253880
44028587
83780571
35914201
61234260
13925224
43321734
25770363
43594206
87638256
47659579
17848749
15837111
33167481
87946671
33971173
71533713
92883948
98185051
97265825
85285269
45624872
35953654
20099005
11053213
69681665
52230707
32115901
36627689
21223305
40579432
73339613
37807587
80257319
92975906
46242869
67759997
41179088
80352851
62743817
90668598
10359141
26897446
87630507
68098364
57067433
78472179
13196429
87660460
25454941
26601934
81694311
10868085
46300538
49059514
79306625
66685579
87687547
10730526
14948374
29439012
74482313
44764165
23053593
61645058
68738336
64636972
90827889
10970049
37633013
62162948
75751620
40264884
59623939
45052764
87331833
32201956
87104386
96268402
94549495
82147496
51503481
47093405
33175813
34135774
52735979
26725392
56682961
50854211
39391149
99622603
60180108
34024821
36486487
58681764
67154818
80846169
64509166
54841319
14011436
65545509
75202371
93118717
96534843
13706250
36454771
43703315
56099105
15108233
31461079
37477600
12290166
28112363
32439717
74333003
30563549
51644517
87956671
89085003
67317754
25613169
10948302
12859031
40218544
16579602
47297849
49531854
34988717
33279621
73443685
42483367
46979900
43671622
30776592
31171520
63341991
83134380
54929101
60087442
96188742
18673455
19000220
10126598
46969896
55873482
11163173
29866273
49942621
77469691
29667601
90402138
62990175
91408744
74489094
97133964
35294491
29423131
32246205
56011270
59672095
66834670
48851521
37244992
18783201
56726658
34473286
60750121
65942441
35133673
44696355
16434843
69027996
76199908
63235949
11634544
40093671
77594438
37544370
67893678
11122436
83970551
10659023
52390749
49901868
99010068
96084590
80742394
23253337
34753824
93592836
47302902
77179718
92661139
42628403
60614438
30496150
68114800
51095368
23673390
49772398
87530579
84708608
45001984
61031257
62731112
89708163
38049311
58419384
11255238
32487612
99497099
58739546
75139478
44346651
71614812
54916389
94296928
61775551
16347255
68606568
65385009
97219247
63244100
93429249
83754469
90808483
59351843
41227499
72970975
28703540
86675587
53061606
99161971
34094624
27763104
42738007
24853797
95152320
65861634
73737750
45932206
31660506
43797459
96874194
55893536
45966372
45531297
97191713
27946070
50395872
40178216
23689299
31197674
99491512
44811876
27790292
16627699
98356284
53380833
61113239
20702698
18481345
11305237
34112171
27903597
73630194
95528399
55607402
54662608
56255849
65920562
76363728
54489293
67984659
91523655
68421145
29722180
69562515
70917565
23949137
62185799
92008939
14499920
66549016
85819474
94017603
44576198
48858228
36278296
40761177
94995606
28125395
91393272
38316038
60679076
34860571
95793038
25325033
56740007
23428976
28831206
25329074
55577900
13796812
52235661
20215219
15258639
91003199
39187880
21872375
33136124
84924804
72261475
92683340
47500428
64888662
50647571
27610016
46015162
62769723
26494707
28113977
96207985
55052841
76997763
57737222
45736199
69209968
28952912
36814374
84193289
78449638
34270719
61237377
20201172
71721716
40035850
95830235
68145671
94440661
42699700
30453099
12068378
35488069
25000346
38861448
95207240
61620678
88274009
27423016
84303637
36408621
69213727
99903386
21873181
52730519
57695486
67137628
27506875
72550638
59971937
47025788
75433849
28681316
28887016
99513596
26079855
98167248
75075425
65926414
32427352
45809586
85876366
48097734
85720785
33072534
98913837
28068310
42364058
50639589
92156516
29736945
84517718
38157272
55889590
98495447
97820228
18715288
89235473
39437182
77493029
76178292
77980036
14786270
32954562
36629054
63548173
80987993
92035078
85740739
94864400
72963782
41811142
41112548
15981156
72494617
73567778
25851989
39358472
53157680
37734275
16529138
86039539
90237500
67120708
81840569
32954633
71471050
24349293
27159528
66906793
72732781
22105498
15937460
54774499
79080074
49007354
61201187
60282055
37778368
29251955
53689734
64536793
25369714
13045731
74377239
33316512
85753202
28205698
48913707
59989725
24755531
69095779
83125907
21462617
31087659
83503897
78136469
61228120
97250539
39600118
31267586
28573609
84365373
46996975
73656564
47725791
45677169
97253403
25086758
79373082
30539748
34540250
48586736
70691070
62827141
57322770
27042269
43083462
34382853
70443157
46185195
75687025
59151259
31349151
29663326
45263898
37170545
18297595
11756737
88805861
77252142
28997316
80985594
52794901
81588897
23142729
97103241
34179899
66333703
42261770
94529373
81811978
89302009
47853535
27867859
70333765
17700853
93978168
43328843
30625881
68923526
18680959
88897129
66560391
71924883
63152282
37414245
33717049
56608962
33015820
56845840
37417590
95831175
35059003
19097316
49279473
92579532
60346950
15585468
31949119
77749290
52045914
11122330
80120755
31217702
95185795
82529137
60403123
22715576
92935030
71310430
26950954
75021028
62903267
90020904
23555128
12610750
49958972
80089170
78292722
46239311
45153769
86164414
40110036
21101121
59754229
10683932
11802111
28500005
81494925
62817120
39273778
44890319
77612627
77878356
47711559
43371062
42386295
55643376
88348889
70880291
82599024
88302025
66996685
26142686
36167163
32828068
37160405
32812239
58869096
79846834
68004169
88879665
72826589
24047240
28975821
86291805
83565833
93336250
58472551
55017359
65616122
44183469
18848998
23483402
68039707
80330122
29979248
40198233
21779918
49657550
84244647
75128112
17731618
12323838
75514232
79591536
36202801
15560568
88219264
45450825
68352281
84313957
22398234
40803221
34391755
55147657
15655732
58112183
57041471
36452799
74253212
12048324
60156215
72317000
71335535
52994604
56574206
49547734
75161153
19684644
44979136
42772073
33371358
27319266
89106501
65588250
75865425
57498740
13381051
33404421
92887870
49837355
16843089
59774970
89075342
88965006
18662110
96825411
36346461
70869753
44856969
43705451
60657061
13511795
81441566
44473433
65692903
44899803
61895571
26386182
24819765
68970141
63283863
26461956
70428514
40012202
97144550
38656216
63663600
67847840
13689770
66604233
74690402
12244248
35991133
76164309
32076670
52964015
83081424
84734379
21330783
76824241
83667299
40854686
80348116
27321081
61101066
50916980
48612532
45418759
14484911
88861815
78501760
74652765
87066650
27991578
25557394
83672689
57176476
67878898
95390918
56795697
54735746
44233921
91813173
96607383
34097955
51289503
11291748
94071449
87919175
26066396
69790715
90775052
91245051
41123227
26644957
65144617
50676501
15522440
57777981
94832306
17392428
42526011
37687360
49797296
39064506
18899411
52093635
41352513
69836312
21409832
69793306
77900641
31971640
76029646
82382461
83922735
33790443
20202657
79508295
48119577
89898098
75386473
32807968
17144027
58816011
25036978
87414770
40018875
30836420
98504302
12326125
11350017
86168936
29809388
90079425
41638673
69155177
46326203
52119609
17362786
60040533
59637174
12679554
79281943
93393383
11373873
44313226
73748924
54538298
53604159
34812164
61284510
70689176
90202269
66575624
78426054
77355582
34215894
60525460
69320807
56137203
71427131
68363253
39303942
34990135
47921420
96835137
79333009
56181268
75461711
95430707
21653623
49004214
24887034
98800646
99816549
92310794
90586323
57671720
34746997
65500819
43649782
50994205
24060292
63789429
34891379
51560225
41784237
75586969
20340830
24371233
52674414
88999623
99564911
65053263
12305457
61358206
50374133
72841664
73442177
56374653
66575472
80720069
23335379
66292610
15810734
96554747
20500916
41985925
53781756
80678801
27806210
66256300
51904824
13238947
25557260
34186678
85727582
98886645
21048991
59848619
31982067
23216531
98563895
85767108
21180422
96543057
54980476
45375939
88203386
12272565
76364135
64109421
45767554
84087810
24270590
86809893
78869420
24214754
71854907
82346919
48421780
58675246
33799819
98046557
71359289
49663965
92435698
32676193
22514184
59246027
74786064
39997924
59751830
95017261
23973447
82447471
39233417
85797226
20195133
94978499
32979683
52972465
44911997
71983091
33969718
59840211
29033086
60172157
26650439
99859490
14042464
44170880
26329182
14724854
95332037
24633994
69390509
70214601
14450250
15796624
86649819
52604802
75722913
19608695
83670699
11406287
79245389
10050383
88263886
93532075
26899576
66615455
64654657
16354687
90792948
25896923
40514404
19000165
83475916
25658738
18664089
71613959
99818759
75975172
34315925
57633190
25666809
73187121
47061702
43269303
52514757
49334156
55765601
14486386
92270639
53209351
53956799
20796073
48624035
33905416
19613329
24788483
32678773
69103655
21952894
25529344
52588567
46898469
78370959
95489675
37249293
76680941
44295396
11275974
92108939
70245680
87479645
94677671
40180879
54650271
73790359
28180881
49303005
19430563
88702720
28994765
44060087
14124418
55058718
49540187
63124407
66076777
99412768
23573501
60861133
48936987
21035607
56419153
26130391
89919336
87366885
67156326
42422631
54775440
62506380
26916516
99536996
46193598
31475746
75064921
82726605
21490468
39981729
51204832
78157982
76141876
57284699
39847536
39879499
82300023
16605898
56078846
62156777
56636046
93663365
41146192
86725612
73032516
45233103
16086560
66736267
78561100
78814154
66531817
25712320
48587675
70183369
70984913
17993451
75630180
35389251
21923890
17066518
30559789
80796387
90579782
26815699
71388171
90866875
69394031
68862786
70306686
60962201
65381537
21529775
59646955
87857650
97551341
61178072
68990459
41097898
45803212
40760171
74165719
51073474
18844782
90818242
58817643
42351382
15876505
46647660
27748813
36052367
74051549
76141381
79880026
92978626
64690920
71289096
48969062
13562303
52572289
39121578
41973262
59752311
25884333
82153939
34879092
98945018
16605791
75879461
67433149
80351004
54978257
57160422
98787286
57279256
66786165
52427433
52725776
90287658
78806148
54149092
88231815
93223298
99955083
75139721
21814528
99405184
53309983
84267604
93479275
98824975
57540527
73313460
74076167
26345883
59215346
86057555
96899109
35589040
96897151
51355588
98948612
43536816
64573563
65024328
96624347
85730353
82317932
10583613
10305142
73353772
27897252
65021688
84037622
49972602
67220045
28326207
92320198
61840299
26428961
54991716
85273024
95040510
14505228
22360289
35769750
86812684
59018245
32185422
35756008
41297374
67681339
21941828
69192573
38004701
72636514
57993504
55948116
82979822
56271893
84971274
55061828
51177363
73565623
71747115
55886660
23126600
23922735
99772237
71771291
42535890
52152019
96929152
86917555
45494240
61625368
74665918
74320848
18583891
66202038
80177025
22517182
94776097
89171671
17902063
53402137
37114575
36771194
32609969
58810681
30693787
76338155
50189025
19198648
57059772
17152471
42148385
27239328
73761473
56562446
58962121
23743542
70022294
99966682
20076856
49286877
59828902
10759286
70840012
83989801
32647706
52858157
14176876
98325889
30412095
82488977
84875458
58540528
80651013
76204116
84197510
63543688
97962275
37537862
63663990
91847795
66744792
53907947
41813858
90789783
10625613
72691896
24354915
86967653
47430807
22664682
35157804
73955775
49350744
86452356
24597240
73322884
22615301
31648099
42564281
13300929
29311359
38371157
70681941
20166888
74615872
81999657
10497321
43301114
60887435
38240618
89787979
22020487
61607280
65526876
67300624
78546560
68650848
67411101
73714742
88809623
89769950
17144844
48678938
58128404
21487880
19300820
17397368
95704810
53628073
11995288
78889549
41275510
49699436
49830333
44481373
68480851
47614380
91138510
72946513
69898588
19388390
13105552
78516472
37471679
65859664
94718244
72892334
78310458
69197571
79868242
20889562
20390262
74125651
39013905
36650943
40803086
20478296
57629400
68016516
67443924
42258310
59293129
45778508
72936987
42969544
81030049
71091971
69998509
54003135
11286591
52305483
95020251
69360964
77180455
15741957
30216097
52822219
23038992
38616183
80858725
71145497
30538382
53555767
55942623
30436112
54772449
91855397
72277640
75763263
15809078
25124512
62018064
37617996
82271159
18282212
21377292
62210878
40135268
69382522
25407510
24776824
50716156
80666301
74682130
22965971
69420053
38015880
99232907
78197078
64124235
15248641
23489595
82590996
42832917
88323709
25424297
43461411
47992115
79134351
87295213
18018996
11498563
55830064
73143183
58137972
23905932
88208142
40703166
66594385
44100071
18254332
23919834
30719807
45310122
41284294
20005590
47374210
23384462
57265938
45525728
38738681
44847844
99877441
51881725
37231466
68914430
33952916
47717513
87396074
99659084
30946353
55856441
45194919
84241844
98061508
18730886
63234481
47223733
28794320
19056041
55511316
34860346
84114775
95702807
39227334
48627910
49561318
35986308
63887276
43095133
66818067
89441243
72670439
63032466
38252015
19351106
72588567
67031668
62651430
19748324
51215129
68074114
50690541
24382588
93891137
88541805
67669320
31613402
40083382
68897507
95378805
64556418
34873579
64090888
96493560
50038387
29829510
98741828
90277381
51988110
69147067
63860995
59560428
70056806
47281681
68155394
83486169
90081440
73178348
48325820
98449855
88819772
40367873
48564147
58319438
61862833
71938627
45094252
56803543
30671758
57878653
38377322
54177217
71934103
36807361
40058292
13199033
28120740
44051804
62219065
87200347
47529304
49239640
38597901
66785003
65793261
50388475
58028537
59503266
36686708
60873310
95882788
23452385
25274026
88666350
94903984
88959191
38393198
86379852
95599786
59346903
82545655
26724080
25153297
26099527
37754469
83187818
26819172
21464241
71222370
83501764
76558950
26269815
11861493
27699972
21958386
81597219
99500259
43841102
22277108
14891228
53190338
16282101
80968347
97880786
27161146
59957536
26516155
17997661
15506757
11942208
80410518
28440376
87362094
92492764
77456985
83932156
61190988
85274287
48870539
92356299
90891652
66563548
59215326
26867412
18072999
83336126
40278040
25469940
49286760
23927518
31156761
64305402
26147960
61081854
98484232
47344899
19934144
16069202
21910942
61939076
83657402
67231566
76477583
98780646
79704301
32021530
72236176
54681676
32816003
89449379
30931081
89003248
18339848
66899147
11209305
79114795
88465089
52456256
92788416
72174227
52615335
90835946
79270766
75671870
36175871
71518590
48684325
54696997
93358999
44321072
37583629
31226917
96432542
83597701
37406356
10422174
88571424
51871942
43356350
27473054
86183440
42661394
23101912
23463238
39149577
34052056
38639342
58110164
20413357
37064080
49155662
77427461
51430726
78438068
97781975
31015603
82328954
79575975
64018141
26834194
93637630
29077882
44701986
25117573
91556841
89363290
94430341
65726238
46571427
53489434
37737399
97349681
75588604
83895769
47202343
55735443
28113753
89959888
18093696
64357364
45690377
74738888
43793366
81791285
69156832
49957289
96790313
27824630
32648896
31098957
84219525
38597761
99982425
16384994
20396803
86688765
57073046
79886141
94491577
35227253
62924117
45260698
43959504
27969513
85807250
92262402
48590659
85473023
94629301
61565125
51494069
34845015
87431540
33306919
63043055
59983612
60629990
51130519
73371126
98756598
89722150
82675098
98973253
87124476
98709408
50508487
21551148
84655558
23039995
63532267
98185541
93584385
28856739
74399308
55554702
56360156
34853489
54135179
40443048
67198656
33243770
77579299
49401131
84771612
19937137
72544270
95492516
26955486
62974649
52257542
89950252
96574461
66362380
61053033
20649254
70947507
18227009
13444277
26813588
76821960
90550973
95565107
91963158
79808010
54361337
71573169
30389889
35712217
60361003
49539687
61224472
25374174
35913236
86066683
70171370
50115420
95218405
98729632
81094471
27961887
81172303
66029401
58107488
35979280
20582438
10057308
83718010
72384362
94612016
69111569
95977039
47702791
89233808
45379898
31871745
77536340
22178506
17131564
39382972
52411364
34260722
20616379
83345895
50952352
79066102
82837172
13982214
96803099
19237508
11368963
14042927
20844163
62116121
75109749
42289715
15921960
71400856
70329368
40876771
36051647
36676336
95659143
64462504
61076258
92280026
17559972
94280994
64692818
57863296
11814780
51482281
45726184
53508807
66470165
38017328
67898898
68274652
70392195
13492570
67720493
44577742
48366350
47737662
94868498
29683434
34579398
47474882
47850065
53885034
84779596
67983266
57889933
60519755
41769146
76335120
25553652
89484092
43435568
49732982
30144856
17440434
89723516
35756503
32244591
74315801
55944421
51995859
86382756
17831588
25987860
83612745
56246679
27320773
27519136
19274134
61371704
99349945
84991412
34496380
20343035
40718267
76811487
48737183
12213816
44189528
97684216
91056041
82555427
39370082
11402284
57166476
57638883
86014718
52641958
68601703
85776977
58994393
90863321
55266306
93686519
76976237
10894452
16238145
47247659
78283460
23630308
15015852
15806115
19594535
67042540
89854186
67345819
92231698
45442457
20191623
60895794
40550936
51882255
50424635
79876314
32680820
62541002
65339397
31367400
99396654
97350399
76524897
35937739
47417318
35908768
34673829
35096281
62120769
17084671
72718974
80301765
57204205
63221130
43928833
55770285
66772562
22942772
71640944
79373520
15795926
41124597
53547788
27905373
17637197
29067879
93762833
68894694
59861500
82093585
54364499
61603187
40389960
54065473
11157363
49345459
56404224
95870738
56575294
91196494
66556686
50210210
70798422
59511568
86153580
67983437
35199067
53182441
42139386
84110180
64083485
70402594
28202646
12993244
20715868
97450443
48069334
25418873
30686412
55939895
62186440
82355425
50506789
14573865
44169171
91081948
60545494
36005787
82436028
22766379
18534105
47453354
33113029
50551169
81398050
58231073
12071151
47880354
58751921
35233184
48422241
87861399
84941895
68562536
26300001
54737931
93881269
60735686
10060670
43327558
88095183
81917722
42832067
89420160
65029508
27006295
16495855
81345271
53394689
22383745
18654207
56336039
58285552
31027693
49805459
50134775
60130994
58426923
84935820
45270429
38372409
56804781
31344490
96611059
49754885
39398476
44547123
87917337
93055632
79109005
29513097
21796108
77574003
79762561
68252122
86431009
35980244
24384836
66114416
51591611
35361091
69460091
33009883
60758119
79831867
79619811
28303934
57723809
54645182
78601525
18764163
29017814
42207999
85000964
26974816
57324349
64329639
31164137
96513875
68058179
45691127
52571338
44306789
48723012
91399278
43001527
48823212
94966711
55682626
45910349
45135505
79542509
84446628
42123174
10177096
44347918
60595139
89161980
60567445
99389987
74614178
52595482
56592303
73274684
92793301
23076144
86606393
63237954
66519080
52713524
26863480
95099008
13096688
60734456
73317531
88431709
23484096
55405498
29646258
65282433
62730594
89444850
77581372
84260113
16399851
18147685
50397134
85380373
34470650
94368215
23469020
64092155
91163405
19264605
96768167
34480181
52546815
29571152
94857027
49045501
96724898
12195422
16854340
38842424
89931765
29349050
83938436
92683906
55645300
28215444
10690972
96491991
51673827
89729213
28091666
86428830
47495870
23113905
81058621
94170715
39868234
27959891
32951921
28725186
49591342
16868384
53528475
18497203
97236194
32246142
95337683
87409734
53005453
47932488
96733007
63185575
23252643
27475472
33119196
24788113
96152887
73997695
83186342
21539044
86955661
86068563
73753942
19345517
78340190
64056565
44700081
65351678
95594729
29052623
12959470
36976590
86775828
55592644
89321641
53402381
29434026
88983121
64202096
28760585
93274307
40835646
16588537
95701750
61418433
58132480
22408438
17375069
74494326
61819438
12072705
51649700
28124771
40692126
33944114
26641590
60538012
61239196
90990160
26466382
91737159
26005284
12839491
79700615
14500585
53389110
68254693
59916462
46370655
63732714
22450013
88909610
44488191
10863334
33020343
86911588
36934856
47803437
86002045
73886905
72069816
22632946
95074451
83633878
32662846
92411163
67793955
43780844
68633018
85268846
27193916
67227859
29232794
72607435
39378127
23061862
32539814
80918034
89084159
22813976
92376934
83291274
67722146
14275690
75739880
19435985
61752916
39706419
15548273
56968947
24397069
28548673
41995702
28772933
12611910
55099194
12911614
79575518
85705672
11100354
64463814
82461438
47993887
96750290
72143089
65406053
94175442
79562005
53746008
47457823
32298288
88444141
26868789
13498407
17802871
22691129
50496604
65105184
16408820
25141297
16511430
95531783
82764027
18037578
82599301
13191775
33190507
23680290
57084584
16716209
61684521
64543990
41014826
47195562
49379195
16864703
24331561
32529326
89267411
20752461
18415224
33616253
63950892
83024509
26655955
96644480
39912205
82653079
20097454
57042742
82196139
39564358
28680102
41668918
96697132
70312628
83646745
37182560
98638469
38494274
54853969
94651940
89207812
51352801
13703259
92339310
91722218
70654992
14460150
26891053
78021552
11996914
84827303
95644031
76025962
26583307
23214441
74685179
26659273
66605207
37522818
65824794
10649147
64861959
17406961
99972290
13866925
65136921
32501636
56720753
13734512
47355666
13266818
87193529
14294555
21547284
24060703
99364931
56846645
60550673
43005764
29365647
42941403
10421039
11977323
74864203
60039347
40985902
79538522
79466961
37011312
18870818
16166917
75472582
95777479
19323756
50577952
54848995
60217483
54628427
55830864
67319271
96077579
83755967
30487596
25034552
98880475
52614129
59640362
15086469
32952252
38248678
79343957
98349979
89780502
41870451
26394057
56023013
95928849
46233352
42528053
37969168
18079531
72484082
20365530
54320602
43459396
64828593
86352799
65878769
73759251
89230025
41601044
89140260
60391887
12074432
50464587
89575090
93622425
77550402
89737169
31814845
66702217
83881957
31226312
68884062
21023187
86568582
12997538
83547602
16120341
86849362
41297148
12745169
76124993
11359841
23461013
64239359
30496418
72621052
77594729
82585980
10185868
90844927
49509998
53135510
30324773
23177306
25404522
17676574
11349577
16738481
88205423
21151832
22779423
65237284
33730037
30806027
15055414
14284713
57231890
39748409
51200474
50653528
90717801
32364921
29237048
16814539
25708192
90575661
93119528
77612925
44021870
90961894
28471447
25158344
86972580
93559093
37934045
33945256
33803171
13434551
84091802
49963826
18947407
77462556
36428789
13879093
45618851
65795795
48673406
25392748
53157215
42057812
84070194
29576796
22410633
62300444
61890768
98539007
73915610
12075416
88977775
23081676
30794324
55742131
21142647
62283538
96979061
53677358
28142232
78274500
40501014
46878497
25368303
34795880
60506229
97385533
94361629
85590568
37872734
12370858
33412740
11796102
21083382
11462159
38938654
88976045
20965668
86840111
64300409
45880546
61939612
59535024
83613139
49462169
39227274
72208632
33454158
44916516
48550359
13208752
42768591
97488903
39744538
23514346
62914681
38487654
37706654
53910367
19519426
42068876
47523793
15619630
22419445
98533685
14810383
67166256
69864929
28020478
30678935
46058650
67352589
14053225
60314581
71004092
51067867
88217660
12556298
36392865
17910943
60472656
37905992
89869794
62258670
78559223
89249946
53578149
11094414
39168139
90945216
71859126
27318924
27544719
49543447
50499904
55461613
14780805
71706263
10898087
80197500
89571916
71685751
66764677
81419458
92289714
78360427
92737984
40295956
91184030
28431117
28710725
99500358
82639187
17726042
84476003
81648766
35749075
51206342
12099107
30184751
71036483
19382158
41382771
49955357
90604449
41915275
22275636
39544281
35847435
38670231
30499714
73896768
29109106
50287505
85777351
82859886
45565781
17316849
68680137
19917540
86947878
32274957
47695326
40014421
79459784
30050535
21355194
72147085
20358586
21476073
10602879
12265677
22442462
70492120
21914729
68950545
92357349
57881357
94624550
72104270
77300500
83363575
69414958
85274767
46980959
98151823
91890936
86205029
93831422
53227715
64392439
64411469
57737034
24463993
80128770
37717672
88278190
84236787
57822904
42783268
76668142
66347458
11292089
23149886
21934759
52912524
51655201
78520892
43618143
20385477
98499506
10413790
36175470
37657550
13684181
20534863
28151306
75103543
24803255
58859941
87801050
49464813
72722725
94645071
74725832
81043018
14356344
40434978
47122865
31270041
91614833
46062085
18252725
70969258
63064843
30732982
80172052
54919813
85003641
32175443
39833989
85521468
11760784
58059893
70687030
80355034
29730386
96724215
56661857
79688183
19199640
63250644
49088392
88696813
35443291
90436398
60352973
67210021
37390879
60641259
26125808
70480650
30994428
82986106
73091429
33846560
30202442
97619636
12552977
80093997
44921960
98321629
98137493
37919785
50389065
30012551
83531588
22840284
37592219
73217170
86671556
84578039
22299817
50011177
97512942
63238240
11929340
39835429
86068669
55053399
75255368
41291582
64295682
51975686
12956893
20429347
96907798
73638184
30542071
75647520
64526406
97774829
74200942
92959341
93246107
39559761
79735964
67120136
76104918
62284063
41067454
12285382
17176596
20871090
26319015
39612314
63222627
58055445
14809300
74178652
26734605
89575414
73950968
98529933
90487216
30072505
23471525
11219256
40730746
14369064
86270100
65703411
40476035
16159559
92626449
76332037
29470151
32355781
43425158
42234017
49898686
65693071
19802321
16939674
85849855
50273061
98198126
98630685
92766515
17990603
66493899
13857044
73716728
70503378
10390514
91641715
72802148
89584426
28603014
14684814
74231097
37842120
52281586
68079912
21505095
56473438
91708261
51665421
60002507
63251041
97611031
14025685
48247532
93961745
41180185
66227789
81464677
95485337
10297198
72654309
68827696
68238215
20127364
66923162
89122491
48251177
38063961
67930552
75660669
74154571
28874242
71318695
76464633
97256852
12217413
59831072
89721268
40096244
42832805
94853354
19732178
65753228
65953213
62288973
45063445
84464583
23704016
45864396
68209484
42588854
24893287
25924609
87833576
82807450
29955467
48346470
36625776
70151194
44866375
90948836
59264119
39350445
58527119
23172798
95660140
50443038
76295607
14756804
42060641
12681765
76947453
75820028
14416230
15143712
12288576
61867631
60801300
56600307
12110415
33950477
87984934
50764921
17221725
64024381
37148865
58681893
86301584
95937925
76071252
66944570
24275896
91611091
19894938
17017507
10080541
21771622
45123388
46448112
32031985
52779740
28335764
22586861
50293476
32840920
45594253
42203233
45093974
59209807
13351846
48274784
32094760
76370581
96624717
15088171
48426414
74017032
46970864
84253370
41695851
96025478
45187120
46533476
79894338
26221428
34803437
61878977
33408497
32412212
57026300
75291238
38527714
63591016
13440320
17441267
35589716
42075860
73140321
57739337
53370026
89859810
24924460
35130841
81743952
68526271
80097415
20363544
93164614
23804706
83802767
84697358
74553419
16268716
53062608
59865230
12128294
34881898
99872288
89227648
83709459
75531384
28191128
34225498
30291529
59937729
36788784
78886317
59419428
26121185
46200310
72371292
66805876
63642539
91829739
55644007
83923297
54318406
11355002
44909413
48246009
58463858
64786326
50632464
34009304
81604713
73280751
99359738
17376243
27452512
15356112
45044446
57548673
13960108
91876888
77716753
16570118
81726210
71983186
54531352
99515389
46478423
52843764
41671763
66090017
97566438
27905329
10090198
83047128
68271696
82964731
89705304
67943229
52164061
21857176
96913092
98992864
59378400
79071469
69788572
70556217
82590609
39667167
91429869
79395316
88060238
68986960
43805709
60434703
49347771
28084790
24330641
70138157
74694642
51053220
56404854
22699794
78087209
89077864
57023103
61509981
16344372
32665988
78840902
84619563
12901933
66903118
95650743
31084663
52477098
94523286
53676122
14456838
45229069
33319028
20835601
52248785
75567438
22002557
31305227
75854230
59480589
81666168
85475325
59398002
80993344
59389345
66860134
52429125
58019833
40362868
99737405
35964098
49911826
65088482
21643472
88844319
31607185
55596809
45157365
60517461
25833382
84658965
82938968
12138516
37778769
62382386
59725684
98531143
12787232
35440813
86670237
50127167
55247254
21019430
82991417
50132222
95800232
32540404
45062927
10181539
55588704
47023381
75505335
37429613
58810020
54279760
91947185
22632301
68389266
40567274
78086546
69342028
97322370
26455041
80708186
60553654
97763117
13336967
66793568
56303330
80704363
23570655
62211310
29362368
29182488
99037837
91314537
92277054
13261840
67201577
70850870
83282266
66315924
61227239
28214135
40914657
12200586
36991444
84644590
34610781
37641708
43489264
15277649
88976845
40354445
36677671
91823021
18670948
30090724
87416339
89733670
37354883
69672013
79852215
81052545
76342226
30074787
79082079
20068402
22466104
91973554
53661706
43446723
24827792
27608788
80102957
97302437
93386173
69197140
65178264
80551525
23959764
18096437
24429048
10486414
92701688
14036380
54484469
97457820
88739419
15573115
79285784
41060320
97555482
26502806
42776405
99942966
85856548
61845751
24280773
61844031
31277260
81709332
60336888
99271159
15796715
91592687
89914854
33692073
57594753
67265678
39172186
72601305
98035357
96227015
18015107
27596866
56691231
89709576
37220552
23218697
69674588
62825051
61296221
78361179
64442547
38498109
24251499
61897411
55636150
70775963
96652807
32074206
25408346
44114304
31070537
92031215
82516900
85736299
20091787
37713551
78656496
90696284
55691328
41126017
19028318
43123054
54549358
16112804
90238042
37223881
56028418
71389381
15912233
72261486
25518981
60234949
89105428
38833208
49468488
88643878
22223301
49341123
65831819
23792491
29451727
47392251
64931137
86856182
10891979
99932383
18788036
35256271
45623649
52107736
26307240
70842644
75082086
56725680
31605165
64121597
56521887
45836593
36115278
63483147
31703204
67011419
45414390
23326925
61917761
10532562
55905871
22437685
19312000
73823170
84645023
90299964
26773725
48254441
85278205
48656250
70406115
40521502
37059278
63830069
61251478
27401245
32651190
20609309
94537249
25272191
61374578
43146514
43982194
40295137
80783088
28545656
19677940
70755264
56849286
51717911
17463141
66629221
76185999
88947091
64048325
57706219
40327852
47671427
12139882
82619630
86845356
75363247
71417009
83017170
27086726
55494507
84866989
67518595
90080778
78108997
24667858
97358073
53424897
31948658
45846267
18087217
14916890
11578562
66834578
39467114
79654225
75411588
77637532
82244855
91984719
33247706
24875331
73897475
83722240
13675081
62785150
59066869
58343763
42167792
57008607
62001134
71512846
20146134
77200249
37579887
79623115
32404700
57257963
49539352
19841426
84190929
44085133
82962699
61336340
38635063
60609647
83046914
42131764
53945001
27888273
34098952
24948634
91681572
34923754
18254730
31803232
39381673
76130105
99030886
50035128
78596074
96318257
86303664
51791411
69570080
32680754
46423722
88791102
42295348
76672601
74479820
10682274
19897403
33183071
42927394
66644218
70060094
49500921
76657342
28230401
55855891
64764487
17100005
65680756
50662483
61332145
45680328
11411052
80324405
59539159
36501586
25900125
38311905
24585489
46134200
73710614
86964980
80445758
45294257
35588714
86328000
16762730
64250394
82848610
93371062
15951047
58011502
63156632
13256663
87366545
59328619
79011012
19035159
67120726
14175170
39180906
48040418
21755548
59746565
83218977
34438475
45529709
80826181
20882013
20902984
82878076
85463392
39227762
29368793
28567639
26053917
20243352
33550174
30092141
54518940
98137520
40034342
49724498
65035989
23690739
14987501
93103018
41633702
93422255
58799990
61987706
40638767
73249089
74778166
65864856
17149753
97188202
20577111
92775685
22783153
52659998
88684552
18747799
87177786
37990366
24621080
64810814
93496194
59639241
10010899
54143011
90491002
63016173
74215870
24509885
29212005
94786193
70715779
18181986
11384279
24594352
20755117
85441271
33209849
93991213
62490924
78097643
36214745
57167524
65570309
78677210
32096747
23631196
83172568
90628689
27467937
56534415
26358577
34504098
98890636
81121697
88255532
30770729
56833069
97336173
90343933
29245729
80133029
32807764
49307785
16056086
86026421
15869535
18464663
57005487
12983120
15149732
49732397
41539800
20182647
25058810
50398084
57531706
94018327
95739320
62180769
96507210
86376374
30843669
79486099
16911740
74596025
51345967
31322824
14289430
21650255
60476071
67682315
67886623
34762110
92146078
77832694
40011464
34269705
45270639
89115774
18019833
15483849
26673019
29173495
19356048
90494007
65681724
75216200
52086131
18704080
99277240
15944386
61168910
95806120
90424413
24718032
52135055
57140073
82144428
91822432
82828559
15851746
48206286
19593603
95189291
85778131
59293593
59849882
62165334
17769824
98884507
90167869
65060181
90136708
90645637
19828020
65749736
26394281
53524830
56698855
30678592
35103142
32492133
36804289
34833205
74434673
75624282
23295408
66411425
85832050
92952550
60383561
10509271
62871282
23756199
32829193
21746755
24927922
65880668
93433376
25846681
39488938
66460773
15895632
11971845
45078793
11475220
23699163
20579906
17095374
77708919
93912455
17158808
57414741
59893328
54014991
69309694
20116554
85936119
14139652
73670893
89375380
30222585
73585085
78711504
93218015
52405981
64979452
31357847
90603589
71179906
36931359
98451435
94087449
82720036
93652735
48893820
95307727
16500477
86073974
61970059
46148744
46308919
33546769
91505221
71782496
97664010
65594952
21101845
78466504
79433125
36904481
85528864
60730692
74511465
21759147
73455903
37181796
20485737
45792262
87571465
16766880
22529193
76641180
67201757
22238943
34863992
63493486
31897870
13364498
93070439
86459657
33034122
70018301
35287397
33171177
93257622
47747704
40182545
62113967
41195270
62402842
64085010
25801789
11696204
91116334
99754183
45638363
13015809
53382173
42442243
98196314
90959798
37491474
12020207
91883881
94592121
43315534
74753502
74075639
46911479
82063400
34962239
62770495
81909819
59217701
80506668
98190069
50432276
90940336
80219679
52978699
92988693
42413430
61091396
98424352
80687158
13988704
98243689
55358214
86712216
77011601
68921582
49773542
89828141
58397224
92509874
20943703
28237588
98569426
96226495
47988047
14922753
37547613
49565981
56514213
31511179
74679764
82424733
56794112
63096835
28433717
79527838
31082458
78390348
95621562
86685563
24282791
22959700
61500499
95009685
23473550
38713262
85030837
93618296
48823638
36134222
36697356
43526060
99380060
49167328
84517836
16270619
59820864
51167173
35260069
21303833
64005792
43430699
37941781
48593813
65739644
50053959
31164695
60973147
97919801
77964722
52220921
13130817
49571805
59682891
78453627
27364807
13768755
16711795
56972460
64885800
87464266
77066974
32660683
14139757
93873092
30227793
52239805
90058221
50654920
99475806
83409703
43374096
89819160
36002450
12044974
80886096
17749002
16231096
68692373
31256122
39334149
97331822
59343401
99147344
45650069
52039725
23301286
37279695
14777423
35121854
98295042
54663156
76553442
37702530
12417133
62820182
76966629
55830107
22086650
66365023
89929275
91699415
33481448
89780973
86909639
36079672
77357552
27774033
68103719
98358355
43362169
54442210
77314541
37653508
21361536
40731251
77851423
12112656
11835671
29931234
82442502
81731616
76624861
77548741
55128513
61796136
62829067
39122984
54397067
92423133
97362732
88732232
38277340
89837742
14272397
37087424
25894910
89553200
81312156
54461398
34133252
81157267
46267189
76524404
75447489
52536107
58275140
69712488
62113439
37031920
27804365
84177242
56066339
21297426
21983114
15055821
91077583
74558921
10733144
39356740
88662935
67698890
47493186
84817793
27975549
24319145
16693480
55886667
73890155
43288205
96845059
61555949
61886493
87873530
27921439
43905768
16555264
15373969
61598739
53619707
98528957
47167154
16403872
41832912
27422917
70756291
69149044
97593055
17104929
90223008
19965385
68046688
86922983
58766239
40296875
39325930
65138248
17027134
21478870
62823085
19324999
63916651
90651709
42421577
57486468
82898416
39553319
18198729
27678262
96422138
11721332
41027135
81367608
18167492
41519742
32729724
33198266
48618469
68206107
86405356
66776472
74394802
38533438
88104972
37618759
35640273
17046717
67640330
12541164
77156571
68166957
12473479
88101037
58798697
84087083
37519180
95910092
88357426
63145654
10207250
26956530
74033520
74681854
91351140
40849977
89498903
72851962
73867958
30046435
17999013
20026378
67035314
81718468
50828103
87686512
69931439
46814924
94014491
16853231
52540099
25835957
75556624
26675455
64815471
39665733
47673578
68684585
12465913
32238144
91356514
75753605
50304471
79858158
38475754
89155150
22913863
75612740
79331982
13132156
94628786
47973622
61953357
23050738
26382472
37174280
77727200
32983394
19479302
18546858
65674449
24035109
31463574
54772676
63114152
17273893
58227030
41510030
18581890
82792157
55134602
99582665
51950690
34610631
85130178
19311843
37171866
12661897
75793214
71616848
34727238
51395699
25717448
18694493
95382324
91474213
97460014
54042021
54193137
80637902
73799387
21269404
46795628
74157583
55180945
93588424
14206922
54696830
92227910
54794000
53854405
81145926
49505688
86031149
76694337
77108587
48234733
93076157
68226157
88324523
89898539
23696886
56377874
75456128
80670097
84946295
32584827
37247426
66898864
64606778
15185153
37957226
96315018
88189990
29486386
73002610
69257285
71398594
88461598
74458968
86217100
76343427
86258749
87404608
14209923
38601158
76782336
19146297
58692708
93117657
44243955
88888984
26413747
59821323
72887808
68288196
26026258
51523972
17475898
84444647
44973996
85923299
30708687
50651780
74561650
80271878
57431667
55955993
59714967
60319805
46301803
72854559
93278577
16754848
66610520
45545363
89845141
60437948
39643322
55433950
18299124
59273409
81582666
50952741
56058072
94066265
72764232
94637227
95757965
13920031
59897584
44471780
93720476
47236157
89966602
54434071
42871730
78152103
92589217
61405870
35273632
71182574
41446731
73167517
68082428
80486338
17840295
40513261
49753188
26079495
35658726
47125476
26416482
23448594
10059903
49688147
25023723
28059520
22290566
25619708
17241602
84158131
50072983
10057373
70001530
53096938
81385068
85009565
31567704
16761212
11253647
50807890
41512919
76413361
69984169
72576621
83117829
15279933
83967096
78366467
76361946
57659832
79697160
56562945
49330199
31963146
78127006
37718340
43983747
21316151
57277831
68137291
92469666
35870668
69893600
66182633
29415710
87628748
93922951
60813402
55541761
48127993
70157727
52499483
72107783
69809730
29685935
71769446
84556558
59724616
39770730
47797321
12389674
69462158
36319241
80178914
13058133
77053497
86772163
44279826
56989882
96421460
63272805
24009779
69031245
48175523
77256919
29178851
55178132
16203835
40891228
72657856
47352682
34282320
39634720
65109392
28588717
64997810
55512937
25053672
44000586
45173403
24731529
60350218
49057789
19695714
75944562
13643123
63607370
91771840
68313938
91315924
20943601
67978332
76247767
36467627
85289984
66564082
96715536
18060798
91001218
27486623
99828979
60614068
40230613
54831947
74568571
79823760
11962778
82853043
18082666
68802635
16065093
49610001
24463532
45875788
61742675
10012139
70819164
21321990
56246044
83361269
59398367
42128366
40462142
99255204
31208622
68678808
33235257
49195217
94322098
11539949
12245785
11928709
18891976
94379147
85175886
68622951
39978340
66770361
44919319
34645183
91557841
70905477
79025053
62676886
93362940
65444892
45622604
67137397
57092230
18148198
60981083
84815358
84476594
20271775
55459110
62911953
42193576
64111853
98431796
59301573
54229823
89428030
11053273
77125591
31185240
43131775
60995296
23056362
43848651
52887300
77574444
41058519
83760781
90396267
68070511
49763611
19371259
97673377
23480966
96737583
92573509
12243198
27857904
57334389
28126074
17420940
28210282
30610510
53769771
19955301
86576680
97666504
23261759
99313850
93881905
21606773
39139667
83368048
86801112
75877335
44231627
15343460
59807186
28332151
76022906
97194319
16397689
70684692
53846506
14442693
42668444
83410425
90106312
76426200
60564480
99516008
66154607
88562777
65758584
44757170
32740239
50303422
91969180
10696168
88881530
46887199
28018729
82908844
41119963
78737781
61187616
25220275
19756888
84443661
94225280
15676833
10457959
79185517
56376780
41680653
95091781
43415899
95856029
11779746
57336253
32012000
91389081
79758214
78276331
12959588
91149698
63376903
49881501
94212069
37776872
80311395
48163538
31057363
49181183
22438452
36889316
42323724
27088395
11169014
62568897
41398264
13616694
28010581
61762207
58693126
59285721
44344580
22411094
55543969
56088071
29376851
33971043
85956814
87154610
82506150
53054529
87842882
16828102
59224228
25912022
75140749
52178799
63464502
87171781
35615987
91755778
61400879
15526128
60015323
20402569
34116998
14538637
15479649
33558382
25446462
27121252
54251782
47440194
46830054
55897250
69535915
61093180
81168221
71718219
17166056
41006317
15199909
78523765
27885315
38179448
61948227
13195546
79703314
49912624
31058193
74687116
30334121
53193184
60167541
37661909
32935135
66320137
18567931
39081280
48552315
51853766
41006863
33868688
27959100
20065105
23137876
26325716
79195970
25392670
39467427
86945234
55768476
45989797
96010275
30634785
63550063
54736829
59904769
66431059
96314559
88305188
59376078
70647261
55002395
29059056
40464060
75641197
58080430
67274574
47432216
46101907
32569873
15099508
28987369
59862202
33720230
42746750
99175820
50951552
77880476
44263048
11908265
42914225
51045326
56888520
64234047
50276119
93219299
17389308
50547947
25723509
93615370
65904957
61446995
99968516
35379893
23067476
98554407
37437530
85203735
46856943
22851561
30456132
79527016
26526932
28912945
74007883
18272053
26616754
37165850
49502681
10506849
32922771
82374902
67924668
59144814
61857576
95238443
10331965
60695002
25502218
15168519
60157791
87136348
38313533
99151039
50496150
54356193
58618113
69184752
50524525
44741575
43043889
99237633
48573886
28144917
24204564
97000740
74260109
70508364
12552387
22271739
80561281
26795221
76690482
24330455
96870527
68065049
60581212
49001572
86117040
67247759
18415423
51938527
60251313
49539665
36415985
63960554
64816808
14498542
51557973
29039715
22475173
31448351
67747949
73134411
75402097
45666009
71974548
91442458
51227356
99472175
24332325
53424828
14639154
41582564
65821241
15329068
95128780
24370321
12752396
36752812
86058351
78345601
54916510
47741502
38116290
37083324
54402306
82594667
66464099
20968045
91465101
89944461
67542760
58820653
51396706
91196785
58582784
52533359
15420647
43948434
73076730
54561767
38541550
46237912
53471359
87568727
48041994
89892643
61228244
19110046
81981232
45840048
17712007
76339140
61494853
97630644
26951153
24810963
13224219
95203966
30356483
26747966
91536739
96335959
94372487
29492691
11801163
29536162
77358576
83624352
70117024
61940437
65148365
35848066
67097870
33389844
73409624
80507723
58628866
55075820
30914603
45741839
60546224
40093352
24851218
96843916
52277040
40661204
60151291
95740339
70415556
81907532
81581962
57882711
18184245
46340479
61493065
67663985
29209158
37956861
38889357
67708635
19584020
14077781
33070921
14196855
10348730
64725816
87128399
88832396
71332490
29477815
17778918
39279132
18582732
26589730
60374324
79530447
49250635
37079561
75506471
10122598
24508357
57679661
56122166
18930961
45073006
39980176
65948430
94037612
21110220
66224645
38834886
18715669
33279892
31300531
79073142
98959916
20186141
61023541
82480266
27656630
47507998
52728569
14130874
69553469
78226987
40376880
71676434
79891732
47917898
21320542
68695583
37190073
47588406
62492177
13760179
61602515
32544944
55641686
15396442
99489788
45075273
31497813
95975295
83848520
95557431
90614079
56267635
16954225
89149819
15339267
27358532
38728670
74647432
55113639
24433162
76411618
67691257
49025285
93200164
51719475
55179702
92164403
24291565
17706270
34940223
83759876
40549150
11497691
14141592
54106536
90603968
51583995
25410641
21832686
98872012
69735422
77578161
34087466
90411104
50075137
49967231
85270066
52093216
48964756
91068140
90599554
35812263
58764074
51893792
33230591
63922729
60721961
81373791
62552665
67514023
50013730
62235992
52998921
83868365
48390810
54367754
38623610
30439019
38975751
12718676
48096196
49158542
78784279
71115027
43918523
84878633
46671497
87266470
62577735
36091422
95403033
31302131
63106006
22414154
67472378
76650216
20951150
96718534
95450319
87565133
15438175
93564273
13402054
94488017
93388529
81861088
97146996
14916818
67107406
20621379
95270491
38884823
78634013
57629340
56340309
99016749
35294095
77251780
15358029
41492994
90848068
53713823
69381610
18613769
69385468
96442276
51038343
97269644
14001336
65985077
36500507
81995519
41178014
80969022
22009032
86424212
40626356
87809477
93594372
65751415
72188523
83505028
22015570
83045891
36238575
58022470
98275266
29485215
96139944
47968823
87356584
87171482
20018071
54690696
71584511
16497360
20492339
73464618
71680282
45480182
10326261
14558376
37094514
94955139
71388272
87870497
82771485
13486396
26040087
44279009
70577248
75534042
52310819
64065692
39017179
33125593
28593164
28238150
36214751
45652148
91483281
78408941
85014087
87610659
82467332
74749605
50606666
61797229
87912757
87037214
56138570
32263984
15713955
83856164
52101818
77593914
33249970
57875630
64431404
56863687
43960899
87724144
65491960
64581607
78585356
53250054
88813438
49941473
51446120
70406841
39896934
35416398
62061979
70680824
36628783
23192721
89637888
79862106
30966790
53821798
31022061
10470510
87367107
91981566
57342756
65866556
94050894
14097162
45278427
22331431
46739455
77656888
27354247
60281565
62776148
25604266
84622462
72555050
25850027
94473430
66236256
77631841
95131711
41288310
98759965
73053377
60567702
67286453
93946914
99235730
51447627
36677590
11195873
31181211
21572098
10150133
14782874
77006026
54615798
47897659
78166684
29549865
42431675
51939514
32336296
52107804
58175480
69720501
48556532
47128759
24167730
78154632
24247499
17689402
88521794
25350325
56542506
39675113
21299853
94603876
32471181
50747258
32643576
10263711
45384513
17392309
28535521
49082232
72149241
62920244
66994880
95143561
86708949
10146815
90793925
97656300
34190365
37157050
20456990
89181211
62408574
55111269
85886535
54364690
56227396
35779497
34592304
65903198
20167576
32216434
25173545
25779008
91354438
27377744
50697031
33117979
81041692
90335792
10311818
56909663
77464915
50386455
75203718
83044188
65896525
89944619
74668212
42644142
51137775
67307625
81143614
55009579
56162808
98125212
82224959
92724721
54043678
82354163
71043160
18599048
17487343
89665981
68368224
86780340
34071641
55446211
64412984
98161114
27240645
10076097
65032892
33896204
24829277
25024131
43315797
49018035
66057198
61507737
12785195
33346648
92282601
53455414
78823928
15199503
86444804
89285931
41188600
82264064
88030718
68264955
64359036
95403539
65587199
51947546
57197240
77526813
63547719
69373904
43579003
56901635
85308475
89019788
56862637
29778159
19210495
54536949
50096443
96104546
27120145
58684817
57738391
51117358
88369092
11190286
68443155
96063537
83896907
30121012
91309963
70683118
16009708
87717702
41500566
43253183
54133956
79669249
66838504
96700581
37292337
86716609
49528007
44630592
64267999
16829251
89801768
92681434
37305074
73478149
40001254
12112029
77458637
60158666
98597406
27452389
71955709
66910522
50429481
95527728
30026182
40247589
24342967
12127666
38296519
67190888
49263492
76317830
61013580
42614504
17758650
37412990
67294000
16478779
76164580
13511579
43556077
42605287
16564745
84484504
33704258
58113602
12715245
52837281
12290816
81138040
80311520
94290977
47858288
38636715
71370937
44052324
22364469
22283155
14397516
68320729
36478729
64994745
60418743
67616582
39104567
43738321
15860766
11745155
73389838
69941419
28342625
31837275
68646757
73302446
95565858
59438160
62161188
51863088
89587229
35004289
91470705
71650150
48316368
95048711
75093165
69467662
98435226
12465863
82401586
38039743
82002900
31360461
82671240
17675286
74172835
14456401
97162433
88984712
29908958
28335196
79580914
14401111
21578390
17141380
83887694
55135136
54832326
43299923
75020512
57587729
97147160
61894726
18478949
46548791
74410322
38589553
56019139
90667509
53949659
28325312
36521002
80152081
56579182
53458520
10997096
58759002
93502363
29425950
93696706
72182259
24014795
16735756
28388160
52497945
80189254
60509017
53425522
25282274
54750959
92226036
66874629
93406637
57437135
62023321
63375528
76758669
62928471
72763057
78647069
82180227
96419854
82612036
10527962
47421262
95507910
47802608
79357533
83944185
67919740
73882062
40148087
27027837
35989838
10042848
58544597
96034820
38774810
12009511
65058603
81595592
57942069
29922386
65983356
92905882
78539973
70617616
41054088
48325503
94437180
47342470
53305170
95005557
23993073
53327692
26559699
79905628
64672242
44188321
22313294
77434094
81263409
53538463
44041867
45250428
65373376
58352034
74084261
92682948
93251539
57903874
39904502
60489402
56537548
95574384
16401754
83507232
85480612
25885291
85950406
40301369
14002158
11281913
29388137
18108383
31107832
62934795
29966685
28998195
66701978
33762942
39263882
16188014
97849374
17220798
34068248
24550091
22103429
15106574
26487245
11958288
79304385
84601100
65018756
58009546
51480468
65347105
71516108
73285426
20622709
10109770
19690381
86015206
32901876
61446920
37844303
17163666
36095002
41517212
33954422
51362107
76983022
74665954
74858379
33964200
51133333
51719624
79738164
80087021
74603281
65929065
69415878
19815829
85922090
71823345
93271403
50708202
48179631
86800282
99682789
71032129
35483675
89672902
10072494
13505353
53671907
63953329
88429647
70200046
85495935
81638265
30495746
73763468
68871818
43396593
46426175
31460207
39955802
79104920
89109673
73247690
34355890
36108438
84317535
60760196
89432903
11384611
51705812
69850137
46424076
78694770
11394803
22602126
61883944
92249658
39436765
17400078
76685833
36685793
88304718
53770150
72809106
78722503
51492253
16155290
68817776
73025453
72657506
54279138
41787146
23206593
36680370
72603460
92548375
23832007
51057295
12354121
87460709
69176761
59700849
44152359
14574603
76598191
65848950
30448248
71383293
66229395
20631965
41533019
60820734
28397114
65562356
32391195
41082788
26906913
25086017
60547473
12709536
20973556
58711178
33976795
43008527
49595885
78636791
15784029
39627966
18574395
79217958
47575419
86027468
31488110
58432997
54261273
17469607
19235961
82449004
86678864
28970276
68526122
31311449
38261389
63164569
97255016
65237606
74669562
91926325
17765248
61807311
21350815
31705593
76677340
21267492
75044183
87816023
62126730
86051509
55076837
89445986
33583450
51694462
74184510
62089575
28514869
30751062
92599926
37941104
22620026
51796600
94730039
53350652
58210598
32160363
58596349
55431986
66533407
18602372
38590570
86334387
91361693
44429826
41065670
40277256
73035829
57222871
72936215
76634682
98524932
69588358
83469145
36215681
67344116
62987687
62171995
65679022
84439688
43959478
85364895
25675932
35641962
76075987
66448665
89580025
25614614
40251287
36813752
72022309
13175508
75731676
69953838
77409004
78415630
92295005
97030850
50800038
83240701
91651416
16118766
31712860
20271962
80944506
42659076
30336340
37435068
11391052
19157318
15507222
89341777
39118260
35007449
43753658
40179033
12222118
57504578
33863303
72478080
62770870
54333827
43134727
65992691
96323014
92535073
72764394
16570781
57188267
43521360
82151031
10806968
64000941
81262714
76596966
82297117
60847467
64541534
32361563
56296762
17354219
59927765
57321983
72949410
73088066
66162737
69759933
90939199
57062364
49340350
47709718
24531362
74480745
73822186
46226466
55151227
32984293
44657921
93104804
51864996
70625602
99049744
67458248
58801367
53914419
86037611
16461563
33773696
70991511
60010827
77725543
13788334
76975104
95647631
54669578
13555875
64427232
21845027
30460786
11459978
68561488
70683134
25770903
16161736
55182972
50456133
35812692
24766699
48604077
13784077
96866564
40825151
60224500
76288830
18560821
28596607
88895088
38817426
72729100
49376809
43798077
82206269
65517237
11307114
46329465
32344871
94364292
91749364
98167124
62311597
93336576
84937715
75752421
69869852
84172660
18040737
25644856
58988530
17204997
48562707
38369322
61038750
18032881
82711926
66766460
42795667
35528436
46536408
64060627
45275819
52211482
97097487
20959193
25103384
83929268
61962058
27807874
69813762
51323241
66981426
49436905
59304643
34578020
10515772
40967256
47326139
86561451
57892238
56471783
86063824
57930512
92212491
25884347
20802693
96311616
21471613
71376752
50893878
46269560
15973265
43458157
88407896
95301571
82220740
29715685
48313808
51447910
59441283
64400153
61087798
50782414
82394628
10072711
21903098
46794653
33588027
84874374
37557745
31543414
86333045
12666177
77000653
10760840
11542949
68333903
79146286
99716924
66497596
23369328
90308049
19792119
39881649
66612966
15420940
18736288
68796655
77531904
36089921
98586511
29329115
16109862
36140412
40195147
98125517
67451142
78046219
79353585
63062290
20069065
41425421
68854408
59670425
63410690
79410559
64264780
49358990
21592768
69140327
51812888
17875010
54636950
69405846
42488235
19439818
27958174
10346003
42657290
83493514
94809937
41594889
96039261
16571889
64582497
81542506
18878413
60284537
72593886
84870259
62053305
88613383
40821571
62114605
78874098
97695332
23745299
35980504
35935225
42552370
29559536
91612031
83096080
23235633
30528677
93927246
70616966
34294829
50758335
82992139
55353393
35426056
76231766
16717747
81694074
28090207
20456553
33151282
71483794
19798748
90305255
99777725
27781955
94111768
73487050
53556816
81871457
28908842
29727582
72289471
43316831
54448209
98817056
19445243
83592189
37573050
46563649
65010916
93833759
23987054
54145866
73059013
39574362
44898649
84539888
83052775
68096508
78566665
37711479
91138330
25122088
28701168
39534724
52964844
66984693
15537601
24320470
12696390
97414034
78762201
19987572
63374328
92785977
34587360
35173327
69041957
79887567
60420865
35096217
83456915
42919766
18814221
75727335
75082301
68088183
62080298
67356678
25588859
23048292
79584271
16793127
78499024
53791068
86863964
39929143
23269200
34111180
37631380
39597133
94420012
60112659
84412088
44688957
91830364
85316737
70530634
64183271
12055730
40282041
34066552
37304914
20620937
82228790
10626046
37019171
62140819
44219124
24317146
90875536
34766493
19858254
76307455
45755849
65933401
48914602
64249823
27801488
94806749
34933074
90006223
90408772
40176625
70590398
83200047
93746741
